Pareto Frontier. Run number: 0 
Pareto Frontier. Run number: 0 
[7133.81166807] 
[[0.03139631]] 
[[1504.0983245]] 
36837.56268840271 
[ 1.98199194e+00  3.34880405e-02  1.00000000e-05  1.59016755e-01
  2.41824092e+00 -8.88638728e+00  9.28638728e+00 -1.15455298e-02
  1.39631470e-03  1.58641322e-01  5.46837240e-01  9.04972566e-02] 
[0.6912701  0.09173699 0.129588   0.2469325  0.11105537 1.        ] 

 
Pareto Frontier. Run number: 1 
[6924.58825033] 
[[0.0363989]] 
[[1519.90253824]] 
36969.58316077007 
[2.19121536e+00 2.96755282e-02 1.00000000e-05 9.74617554e-04
 2.28622045e+00 3.41221548e-01 5.87784520e-02 1.55210796e-01
 6.39889786e-03 3.23226398e-05 1.22716520e+00 5.47000000e-01] 
[0.68619613 0.09518863 0.14258078 0.30491277 0.11127339 0.75      ] 

 
Pareto Frontier. Run number: 2 
[7058.94745659] 
[[0.03340621]] 
[[1506.00988574]] 
37059.59686142961 
[ 2.05685615e+00  3.00934357e-02  1.00000000e-05  1.39901143e-01
  2.19620674e+00 -9.43751150e+00  9.83751150e+00  5.61460450e-02
  3.40621424e-03  2.04133972e-01  5.28982999e-01  4.00764762e-01] 
[0.7071431  0.09262633 0.12562955 0.25518215 0.11161256 0.5       ] 

 
Pareto Frontier. Run number: 3 
[7097.13472836] 
[[0.03103224]] 
[[1520.01611365]] 
36691.1712339942 
[ 2.01866888e+00  3.53248190e-02  1.00000000e-05  1.61136477e-04
  2.56463237e+00  3.99927360e-01  7.26396588e-05 -1.03348153e-06
  1.03224225e-03  7.21647796e-03  5.82964992e-01  2.28131366e-04] 
[0.67461818 0.09180975 0.13495623 0.25818917 0.11020419 0.25      ] 

 
Pareto Frontier. Run number: 4 
[7086.09291717] 
[[0.0327992]] 
[[1517.97690375]] 
36923.45693252084 
[2.02971069e+00 3.22386482e-02 1.00000000e-05 2.02309625e-02
 2.33234667e+00 3.09424853e-01 9.05751468e-02 5.21807109e-04
 2.79919592e-03 9.00304042e-02 1.98353061e-01 3.54657945e-01] 
[0.69456635 0.09213251 0.12443524 0.23788285 0.110226   0.        ] 

 
Total run time: 10387.3200002