Pareto Frontier. Run number: 0 
[6910.11019576] 
[[0.0396914]] 
[[1515.11249112]] 
37841.50115811711 
[ 2.20569341e+00  2.01426867e-02  1.00000000e-05  4.88750888e-02
  1.41430245e+00  6.11287553e+00 -5.71287553e+00  9.82763137e-02
  9.69139721e-03  2.82722196e-01  2.51749382e-01  5.47000000e-01
  3.78415012e-01  2.13775012e+04] 
[0.76356 0.0946  0.11    0.253   0.11032 0.     ] 

 
Total run time: 96.4630000591Pareto Frontier. Run number: 0 
[6930.72286334] 
[[0.0396914]] 
[[1515.11249112]] 
37841.50115811711 
[2.18508074e+00 2.01687145e-02 1.00000000e-05 4.88750888e-02
 1.41430245e+00 3.12875534e-01 8.71244661e-02 9.82763137e-02
 9.69139721e-03 2.82722196e-01 2.51749382e-01 5.47000000e-01
 3.78415012e-01 2.13775012e+04] 
[0.76356 0.0946  0.11    0.253   0.1109  1.     ] 

 
Pareto Frontier. Run number: 1 
[6676.06856391] 
[[0.04604169]] 
[[1519.99031486]] 
38162.83113104815 
[2.43973504e+00 9.31820652e-03 1.00000000e-05 9.68514386e-05
 1.09297247e+00 4.29382301e-01 2.93823005e-02 2.56032032e-01
 1.60416889e-02 2.92931142e-01 1.66467980e+00 5.47000000e-01
 3.81628311e-01 2.16988311e+04] 
[0.75047001 0.106      0.13695658 0.34885149 0.11203383 0.75      ] 

 
Pareto Frontier. Run number: 2 
