Pareto Frontier. Run number: 0 
Pareto Frontier. Run number: 0 
[7030.44308236] 
[[0.03313707]] 
[[1520.00621203]] 
37129.93655912625 
[2.08536052e+00 3.05865311e-02 1.00000000e-05 6.21203377e-05
 2.12586705e+00 4.40737827e-01 4.07378273e-02 4.54461178e-02
 3.13707409e-03 1.33778092e-01 2.05240980e-01 3.41333470e-01] 
[0.71384354 0.09107895 0.11882912 0.24425337 0.11055159 1.        ] 

 
Pareto Frontier. Run number: 1 
[7040.82336869] 
[[0.0344882]] 
[[1519.94905997]] 
37133.1912594351 
[2.07498024e+00 2.93127793e-02 1.00000000e-05 5.09400291e-04
 2.12261235e+00 4.27138043e-01 2.71380434e-02 3.59893424e-02
 4.48820153e-03 1.34673746e-01 1.25958895e-01 5.47000000e-01] 
[0.7112585  0.09262107 0.11949235 0.23787965 0.11048143 0.75      ] 

 
Pareto Frontier. Run number: 2 
[7052.72627607] 
[[0.03536873]] 
[[1519.95667352]] 
36961.994008544796 
[2.06307733e+00 2.96095404e-02 1.00000000e-05 4.33264783e-04
 2.29380960e+00 4.35522521e-01 3.55225206e-02 3.43712088e-02
 5.36872508e-03 8.27009496e-02 2.54442969e-01 5.47000000e-01] 
[0.69123284 0.09500268 0.12801598 0.24548029 0.11045747 0.5       ] 

 
Pareto Frontier. Run number: 3 
[7072.40920373] 
[[0.03112685]] 
[[1519.91282711]] 
36789.2997274028 
[ 2.04339440e+00  3.45021082e-02  1.00000000e-05  8.71728910e-04
  2.46650388e+00  3.99906964e-01  9.30355466e-05  2.20156649e-02
  1.12685121e-03  3.62919668e-02  4.56779512e-01 -6.72540996e-06] 
[0.68326274 0.09132683 0.13038865 0.25570168 0.11036967 0.25      ] 

 
Pareto Frontier. Run number: 4 
