Output file with compressibility drag breakdown

  VEHICLE TAG : cruise

  REFERENCE AREA ................  76.5 m2 
  MAIN WING SWEEP ...............  30.0 deg
  MAIN WING THICKNESS RATIO .....  0.11    
 
 TOTAL COMPRESSIBILITY DRAG 
  CL   |  M=0.450 | M=0.500 | M=0.550 | M=0.600 | M=0.650 | M=0.700 | M=0.750 | M=0.800 | M=0.850 | M=0.900 | M=0.950 | 
 0.300 |  0.00000 | 0.00000 | 0.00001 | 0.00002 | 0.00007 | 0.00021 | 0.00058 | 0.00149 | 0.00361 | 0.00834 | 0.01841 | 
 0.350 |  0.00000 | 0.00000 | 0.00001 | 0.00003 | 0.00009 | 0.00025 | 0.00070 | 0.00180 | 0.00437 | 0.01009 | 0.02227 | 
 0.400 |  0.00000 | 0.00000 | 0.00001 | 0.00003 | 0.00010 | 0.00031 | 0.00084 | 0.00217 | 0.00527 | 0.01217 | 0.02687 | 
 0.450 |  0.00000 | 0.00000 | 0.00001 | 0.00004 | 0.00012 | 0.00037 | 0.00101 | 0.00260 | 0.00633 | 0.01461 | 0.03224 | 
 0.500 |  0.00000 | 0.00000 | 0.00001 | 0.00005 | 0.00015 | 0.00044 | 0.00121 | 0.00310 | 0.00754 | 0.01740 | 0.03840 | 
 0.550 |  0.00000 | 0.00000 | 0.00002 | 0.00005 | 0.00017 | 0.00052 | 0.00142 | 0.00366 | 0.00889 | 0.02052 | 0.04528 | 
 0.600 |  0.00000 | 0.00000 | 0.00002 | 0.00006 | 0.00020 | 0.00060 | 0.00166 | 0.00426 | 0.01036 | 0.02392 | 0.05279 | 
 0.650 |  0.00000 | 0.00001 | 0.00002 | 0.00007 | 0.00023 | 0.00069 | 0.00191 | 0.00491 | 0.01192 | 0.02753 | 0.06075 | 
 0.700 |  0.00000 | 0.00001 | 0.00002 | 0.00008 | 0.00027 | 0.00079 | 0.00216 | 0.00557 | 0.01353 | 0.03123 | 0.06892 | 
 0.750 |  0.00000 | 0.00001 | 0.00003 | 0.00009 | 0.00030 | 0.00088 | 0.00242 | 0.00622 | 0.01511 | 0.03490 | 0.07703 | 
 0.800 |  0.00000 | 0.00001 | 0.00003 | 0.00010 | 0.00033 | 0.00097 | 0.00266 | 0.00684 | 0.01662 | 0.03839 | 0.08472 | 
-----------------------------------------------------------------------------------------------------------------------
 HORIZONTAL_STABILIZER  ( t/c: 0.110 )
  CL   |  M=0.450 | M=0.500 | M=0.550 | M=0.600 | M=0.650 | M=0.700 | M=0.750 | M=0.800 | M=0.850 | M=0.900 | M=0.950 | 
 0.300 |  0.00000 | 0.00000 | 0.00000 | 0.00000 | 0.00001 | 0.00003 | 0.00008 | 0.00021 | 0.00052 | 0.00120 | 0.00264 | 
 0.350 |  0.00000 | 0.00000 | 0.00000 | 0.00000 | 0.00001 | 0.00003 | 0.00008 | 0.00021 | 0.00052 | 0.00120 | 0.00264 | 
 0.400 |  0.00000 | 0.00000 | 0.00000 | 0.00000 | 0.00001 | 0.00003 | 0.00008 | 0.00021 | 0.00052 | 0.00120 | 0.00264 | 
 0.450 |  0.00000 | 0.00000 | 0.00000 | 0.00000 | 0.00001 | 0.00003 | 0.00008 | 0.00021 | 0.00052 | 0.00120 | 0.00264 | 
 0.500 |  0.00000 | 0.00000 | 0.00000 | 0.00000 | 0.00001 | 0.00003 | 0.00008 | 0.00021 | 0.00052 | 0.00120 | 0.00264 | 
 0.550 |  0.00000 | 0.00000 | 0.00000 | 0.00000 | 0.00001 | 0.00003 | 0.00008 | 0.00021 | 0.00052 | 0.00120 | 0.00264 | 
 0.600 |  0.00000 | 0.00000 | 0.00000 | 0.00000 | 0.00001 | 0.00003 | 0.00008 | 0.00021 | 0.00052 | 0.00120 | 0.00264 | 
 0.650 |  0.00000 | 0.00000 | 0.00000 | 0.00000 | 0.00001 | 0.00003 | 0.00008 | 0.00021 | 0.00052 | 0.00120 | 0.00264 | 
 0.700 |  0.00000 | 0.00000 | 0.00000 | 0.00000 | 0.00001 | 0.00003 | 0.00008 | 0.00021 | 0.00052 | 0.00120 | 0.00264 | 
 0.750 |  0.00000 | 0.00000 | 0.00000 | 0.00000 | 0.00001 | 0.00003 | 0.00008 | 0.00021 | 0.00052 | 0.00120 | 0.00264 | 
 0.800 |  0.00000 | 0.00000 | 0.00000 | 0.00000 | 0.00001 | 0.00003 | 0.00008 | 0.00021 | 0.00052 | 0.00120 | 0.00264 | 
-----------------------------------------------------------------------------------------------------------------------
 MAIN_WING  ( t/c: 0.111 )
  CL   |  M=0.450 | M=0.500 | M=0.550 | M=0.600 | M=0.650 | M=0.700 | M=0.750 | M=0.800 | M=0.850 | M=0.900 | M=0.950 | 
 0.300 |  0.00000 | 0.00000 | 0.00000 | 0.00002 | 0.00006 | 0.00016 | 0.00045 | 0.00116 | 0.00281 | 0.00648 | 0.01431 | 
 0.350 |  0.00000 | 0.00000 | 0.00001 | 0.00002 | 0.00007 | 0.00021 | 0.00057 | 0.00147 | 0.00356 | 0.00823 | 0.01816 | 
 0.400 |  0.00000 | 0.00000 | 0.00001 | 0.00003 | 0.00009 | 0.00026 | 0.00071 | 0.00184 | 0.00447 | 0.01031 | 0.02276 | 
 0.450 |  0.00000 | 0.00000 | 0.00001 | 0.00003 | 0.00011 | 0.00032 | 0.00088 | 0.00227 | 0.00552 | 0.01275 | 0.02814 | 
 0.500 |  0.00000 | 0.00000 | 0.00001 | 0.00004 | 0.00013 | 0.00039 | 0.00108 | 0.00277 | 0.00673 | 0.01554 | 0.03430 | 
 0.550 |  0.00000 | 0.00000 | 0.00001 | 0.00005 | 0.00016 | 0.00047 | 0.00129 | 0.00333 | 0.00808 | 0.01866 | 0.04118 | 
 0.600 |  0.00000 | 0.00000 | 0.00002 | 0.00006 | 0.00019 | 0.00056 | 0.00153 | 0.00393 | 0.00955 | 0.02206 | 0.04869 | 
 0.650 |  0.00000 | 0.00000 | 0.00002 | 0.00007 | 0.00022 | 0.00065 | 0.00178 | 0.00458 | 0.01112 | 0.02567 | 0.05665 | 
 0.700 |  0.00000 | 0.00001 | 0.00002 | 0.00008 | 0.00025 | 0.00074 | 0.00204 | 0.00524 | 0.01272 | 0.02937 | 0.06482 | 
 0.750 |  0.00000 | 0.00001 | 0.00002 | 0.00009 | 0.00028 | 0.00083 | 0.00229 | 0.00589 | 0.01431 | 0.03304 | 0.07292 | 
 0.800 |  0.00000 | 0.00001 | 0.00003 | 0.00010 | 0.00031 | 0.00092 | 0.00253 | 0.00651 | 0.01582 | 0.03653 | 0.08062 | 
-----------------------------------------------------------------------------------------------------------------------
 VERTICAL_STABILIZER  ( t/c: 0.120 )
  CL   |  M=0.450 | M=0.500 | M=0.550 | M=0.600 | M=0.650 | M=0.700 | M=0.750 | M=0.800 | M=0.850 | M=0.900 | M=0.950 | 
 0.300 |  0.00000 | 0.00000 | 0.00000 | 0.00000 | 0.00001 | 0.00002 | 0.00005 | 0.00012 | 0.00029 | 0.00066 | 0.00146 | 
 0.350 |  0.00000 | 0.00000 | 0.00000 | 0.00000 | 0.00001 | 0.00002 | 0.00005 | 0.00012 | 0.00029 | 0.00066 | 0.00146 | 
 0.400 |  0.00000 | 0.00000 | 0.00000 | 0.00000 | 0.00001 | 0.00002 | 0.00005 | 0.00012 | 0.00029 | 0.00066 | 0.00146 | 
 0.450 |  0.00000 | 0.00000 | 0.00000 | 0.00000 | 0.00001 | 0.00002 | 0.00005 | 0.00012 | 0.00029 | 0.00066 | 0.00146 | 
 0.500 |  0.00000 | 0.00000 | 0.00000 | 0.00000 | 0.00001 | 0.00002 | 0.00005 | 0.00012 | 0.00029 | 0.00066 | 0.00146 | 
 0.550 |  0.00000 | 0.00000 | 0.00000 | 0.00000 | 0.00001 | 0.00002 | 0.00005 | 0.00012 | 0.00029 | 0.00066 | 0.00146 | 
 0.600 |  0.00000 | 0.00000 | 0.00000 | 0.00000 | 0.00001 | 0.00002 | 0.00005 | 0.00012 | 0.00029 | 0.00066 | 0.00146 | 
 0.650 |  0.00000 | 0.00000 | 0.00000 | 0.00000 | 0.00001 | 0.00002 | 0.00005 | 0.00012 | 0.00029 | 0.00066 | 0.00146 | 
 0.700 |  0.00000 | 0.00000 | 0.00000 | 0.00000 | 0.00001 | 0.00002 | 0.00005 | 0.00012 | 0.00029 | 0.00066 | 0.00146 | 
 0.750 |  0.00000 | 0.00000 | 0.00000 | 0.00000 | 0.00001 | 0.00002 | 0.00005 | 0.00012 | 0.00029 | 0.00066 | 0.00146 | 
 0.800 |  0.00000 | 0.00000 | 0.00000 | 0.00000 | 0.00001 | 0.00002 | 0.00005 | 0.00012 | 0.00029 | 0.00066 | 0.00146 | 
-----------------------------------------------------------------------------------------------------------------------

 Thursday, 27. September 2018 02:16:54 PM