 Pareto results 
Pareto Frontier. Run number: 0 
[6987.96802104] 
[[0.03836813]] 
[[1520.0000013]] 
37864.0044012 
[-2.28682075e-07 -2.84923153e-07  2.23339799e-02  1.00000000e-05
 -1.29936484e-08  1.99999873e-02  1.27115300e-08  4.73443162e-02
  8.36813091e-03  2.68565831e-01  3.67126827e-01  4.74967993e+00] 
[1.03999818 0.9294095  0.78628412 0.77420067 0.97829264 1.01784958
 0.90605068] 

 
Pareto Frontier. Run number: 1 
[6969.89661667] 
[[0.03788589]] 
[[1520.00303424]] 
37825.3152392 
[ 5.23336548e-05 -4.89792666e-04  2.30143729e-02  1.00000000e-05
 -3.03423545e-05  1.97304749e-02  2.69525086e-04  6.44765766e-02
  7.88589295e-03  2.57474022e-01  1.03754828e+00  4.56847637e+00] 
[1.03782262 0.9237887  0.79194397 0.80323428 0.97939112 1.01680955
 0.90637338] 

 
Pareto Frontier. Run number: 2 
[6902.92560938] 
[[0.03868235]] 
[[1520.00066931]] 
37741.0484461 
[ 1.78388665e-05 -9.55904337e-05  2.23097449e-02  1.00000000e-05
 -6.69306661e-06  1.99483577e-02  5.16422884e-05  1.23209055e-01
  8.68235133e-03  2.29701286e-01  2.20388276e+00  3.89916050e+00] 
[1.0257731  0.93630135 0.8213155  0.87446108 0.9831174  1.01454431
 0.90788664] 

 
Pareto Frontier. Run number: 3 
[6830.87185146] 
[[0.03735498]] 
[[1520.00164884]] 
37657.7456666 
[-4.27040177e-07 -4.97019085e-05  2.37459729e-02  1.00000000e-05
 -1.64884348e-05  1.99797723e-02  2.02276549e-05  1.78292331e-01
  7.35497575e-03  2.00094947e-01  5.96857581e+00  3.17866881e+00] 
[1.01983723 0.92286075 0.85464926 1.         0.98664313 1.01230499
 0.90956288] 

 
Pareto Frontier. Run number: 4 
[6839.56889258] 
[[0.03674072]] 
[[1520.00086033]] 
37659.6198631 
[-2.22887251e-06 -1.60165601e-05  2.44360781e-02  1.00000000e-05
 -8.60334143e-06  1.99883892e-02  1.16107697e-05  1.71657067e-01
  6.74072301e-03  2.01377285e-01  6.17191628e+00  3.26567291e+00] 
[1.02206255 0.91519326 0.85003545 1.         0.98622818 1.01235537
 0.9093162 ] 

 
Total run time: 16798.5019999