 Pareto results 
Pareto Frontier. Run number: 0 
[6962.23611384] 
[[0.04062897]] 
[[1519.99986024]] 
37200.0 
[ 2.15356749e+00  2.04684534e-02  1.00000000e-05 -1.39763964e-06
  1.55899177e+00  4.37880395e-01  3.78803953e-02  8.28235748e-02
  1.06289685e-02  2.12992727e-01  1.11988154e-05  5.46600000e-01] 
[0.74714035 0.09626631 0.11165859 0.23798371 0.11076524 1.        ] 

 
Pareto Frontier. Run number: 1 
[6987.20086683] 
[[0.04141797]] 
[[1520.0006977]] 
37200.0 
[ 2.12860274e+00  1.98044105e-02  1.00000000e-05 -6.97697825e-06
  1.78529984e+00  4.34791714e-01  3.47917140e-02  7.07949901e-02
  1.14179709e-02  2.18960927e-01  2.09384849e-07  5.46600000e-01] 
[0.72398364 0.10017388 0.11941032 0.23290629 0.11073809 0.75      ] 

 
Pareto Frontier. Run number: 2 
[7038.2709898] 
[[0.03728785]] 
[[1519.99944674]] 
37200.0 
[ 2.07753262e+00  2.74067665e-02  1.00000000e-05 -5.53260454e-06
  2.24459020e+00  4.00318872e-01  3.18872129e-04  4.72220950e-02
  7.28785076e-03  9.36132205e-02  2.65802360e-01  5.46600000e-01] 
[0.6912701  0.09713699 0.1295875  0.24693248 0.11055368 0.5       ] 

 
Pareto Frontier. Run number: 3 
[7043.4125582] 
[[0.03742989]] 
[[1520.00028446]] 
37200.0 
[ 2.07239105e+00  2.57704016e-02  1.00000000e-05 -2.84461559e-06
  2.02565215e+00  5.61525476e-03  3.94384745e-01  3.08726296e-02
  7.42988610e-03  1.59570916e-01  5.11769758e-09  5.46600000e-01] 
[0.71375413 0.09567602 0.11921649 0.2286211  0.11048557 0.25      ] 

 
Pareto Frontier. Run number: 4 
[7074.46871869] 
[[0.03127758]] 
[[1519.99960117]] 
37200.0 
[ 2.04133489e+00  3.26274541e-02  1.00000000e-05 -3.98825280e-06
  2.12601533e+00  6.80182700e-05  3.99931982e-01  1.81639575e-03
  1.27757951e-03  1.39956916e-01  1.10724524e-01  2.68088841e-03] 
[0.72102342 0.08856278 0.11429686 0.23189277 0.1102819  0.        ] 

 
Total run time: 9560.3670001