iteration = 1 , objective = 0.105819223238, inputs = [0.75, 0.08, 0.11, 0.2, 0.1122, 1.0], constraints = [-0.3473456266827561, 0.04100365192704746, 1.0000000000065512e-05, 0.7449599032277683, 2.342058170778426, -29.899902169501047, 30.299902169501138, -0.14398884053503486, -0.008899146950330662, 0.5387257690095316, 0.8184154990141651, -1.5313234590289613]
iteration = 2 , objective = 0.106149500888, inputs = [0.7500000149011612, 0.08, 0.11, 0.2, 0.1122, 1.0], constraints = [-0.37046506217127173, 0.041273861567872785, 1.0000000000065512e-05, 0.6347751319055988, 2.3949003714062345, -39.16234347907675, 39.562343479076844, -0.2739214245502371, -0.010215018743917243, 0.5525008244102446, 0.8184158041427217, -1.8438183545046267]
iteration = 3 , objective = 0.106138580079, inputs = [0.75, 0.0800000149011612, 0.11, 0.2, 0.1122, 1.0], constraints = [-0.36970060554017253, 0.041275922332652204, 1.0000000000065512e-05, 0.6373324606445135, 2.3984338988186136, -39.091889809438726, 39.49188980943882, -0.27293345320138906, -0.010201512299693957, 0.5534216916643573, 0.818414545487547, -1.8402806637729154]
iteration = 4 , objective = 0.106137858133, inputs = [0.75, 0.08, 0.1100000149011612, 0.2, 0.1122, 1.0], constraints = [-0.3696500693171329, 0.04127608320229281, 1.0000000000065512e-05, 0.6375049239004579, 2.3986709404599167, -39.08722750458742, 39.48722750458751, -0.27286805814625803, -0.01020064274841653, 0.5534840798483037, 0.8184168859621604, -1.8400491151594687]
iteration = 5 , objective = 0.106137804972, inputs = [0.75, 0.08, 0.11, 0.2000000149011612, 0.1122, 1.0], constraints = [-0.36964634800595375, 0.041276089758566815, 1.0000000000065512e-05, 0.6375153272680223, 2.398686532744541, -39.086887353756765, 39.486887353756856, -0.27286329749345944, -0.010200573781966656, 0.5534875553960115, 0.8184154990141651, -1.8400321917122855]
iteration = 6 , objective = 0.106137810813, inputs = [0.75, 0.08, 0.11, 0.2, 0.11220001490116119, 1.0], constraints = [-0.36964675688941495, 0.04127609117648558, 1.0000000000065512e-05, 0.6375161699902605, 2.39868760825925, -39.08702232102223, 39.48702232102232, -0.27286309802821085, -0.01020057036897068, 0.5534878807081008, 0.8184154990141651, -1.8400311714442288]
iteration = 7 , objective = 0.106137802775, inputs = [0.75, 0.08, 0.11, 0.2, 0.1122, 1.0000000149011612], constraints = [-0.3696461872959699, 0.04127609080272347, 1.0000000000065512e-05, 0.6375162220567723, 2.3986876801961627, -39.0868718693539, 39.48687186935399, -0.2728630778439111, -0.010200570094498915, 0.5534878994605514, 0.8184154990141651, -1.840031099507316]
iteration = 8 , objective = 0.106137802661, inputs = [0.75, 0.08, 0.11, 0.2, 0.1122, 1.0], constraints = [-0.3696461862596334, 0.04127609080555887, 1.0000000000065512e-05, 0.637516225539282, 2.3986876850077388, -39.08687177934621, 39.4868717793463, -0.2728630765618604, -0.010200570076140877, 0.5534879007148311, 0.8184154990141651, -1.8400310946957397]
iteration = 9 , objective = 0.106137802798, inputs = [0.7500000149011612, 0.08, 0.11, 0.2, 0.1122, 1.0], constraints = [-0.3696461958670734, 0.041276089725371466, 1.0000000000065512e-05, 0.6375164480980311, 2.3986875987481326, -39.0868727016632, 39.48687270166329, -0.2728630899576544, -0.010200570269779597, 0.5534880754653977, 0.8184158041427217, -1.8400311271627288]
iteration = 10 , objective = 0.106137797835, inputs = [0.75, 0.0800000149011612, 0.11, 0.2, 0.1122, 1.0], constraints = [-0.369645848476277, 0.04127607144985856, 1.0000000000065512e-05, 0.6375158025639439, 2.3986872092421145, -39.086844802355245, 39.486844802355336, -0.27286270552391834, -0.010200545812980712, 0.5534877244019663, 0.818414545487547, -1.8400273533494147]
iteration = 11 , objective = 0.106137805813, inputs = [0.75, 0.08, 0.1100000149011612, 0.2, 0.1122, 1.0], constraints = [-0.3696464069389804, 0.04127609317654782, 1.0000000000065512e-05, 0.6375171868505436, 2.398687883379054, -39.08689008644819, 39.486890086448284, -0.2728633264225895, -0.010200578103570605, 0.5534884965132414, 0.8184168859621604, -1.8400321722403314]
iteration = 12 , objective = 0.106137801471, inputs = [0.75, 0.08, 0.11, 0.2000000149011612, 0.1122, 1.0], constraints = [-0.36964610297127, 0.041276090425651904, 1.0000000000065512e-05, 0.6375161474879337, 2.3986876659891934, -39.08686477383435, 39.48686477383444, -0.2728629808342088, -0.01020056945812732, 0.5534878508092288, 0.8184154990141651, -1.8400310584676336]
iteration = 13 , objective = 0.106137810579, inputs = [0.75, 0.08, 0.11, 0.2, 0.11220001490116119, 1.0], constraints = [-0.36964674052341434, 0.041276091221121865, 1.0000000000065512e-05, 0.6375162248515153, 2.3986876840574913, -39.087020811543425, 39.487020811543516, -0.27286307687150924, -0.010200570079766203, 0.5534879004671188, 0.8184154990141651, -1.840031095645987]
iteration = 14 , objective = 0.10613780276, inputs = [0.75, 0.08, 0.11, 0.2, 0.1122, 1.0000000149011612], constraints = [-0.36964618621836415, 0.04127609080572186, 1.0000000000065512e-05, 0.637516225726215, 2.39868768526601, -39.086871768272204, 39.486871768272295, -0.27286307643619806, -0.01020057007515517, 0.5534879007821519, 0.8184154990141651, -1.8400310944374687]
iteration = 15 , objective = 0.10613780266, inputs = [0.75, 0.08, 0.11, 0.2, 0.1122, 1.0], constraints = [-0.3696461862201504, 0.04127609080578389, 1.0000000000065512e-05, 0.6375162257847319, 2.3986876853468386, -39.08687176840226, 39.48687176840235, -0.27286307644765806, -0.0102005700748467, 0.5534879008032272, 0.8184154990141651, -1.84003109435664]
iteration = 16 , objective = 0.106137802799, inputs = [0.7500000149011612, 0.08, 0.11, 0.2, 0.1122, 1.0], constraints = [-0.3696461959017179, 0.04127608972541441, 1.0000000000065512e-05, 0.6375164481144475, 2.398687598770812, -39.086872707079465, 39.486872707079556, -0.2728630900429785, -0.010200570269692982, 0.5534880754713117, 0.8184158041427217, -1.8400311271400496]
iteration = 17 , objective = 0.106137797836, inputs = [0.75, 0.0800000149011612, 0.11, 0.2, 0.1122, 1.0], constraints = [-0.36964584853385896, 0.041276071449902925, 1.0000000000065512e-05, 0.6375158025650512, 2.3986872092436315, -39.08684481111209, 39.48684481111218, -0.27286270565774196, -0.01020054581297481, 0.5534877244023619, 0.818414545487547, -1.8400273533478977]
iteration = 18 , objective = 0.106137805813, inputs = [0.75, 0.08, 0.1100000149011612, 0.2, 0.1122, 1.0], constraints = [-0.3696464068826608, 0.041276093176505727, 1.0000000000065512e-05, 0.6375171868506254, 2.3986878833791563, -39.08689007597627, 39.48689007597636, -0.27286332627181303, -0.010200578103570224, 0.5534884965132641, 0.8184168859621604, -1.8400321722402295]
iteration = 19 , objective = 0.106137801472, inputs = [0.75, 0.08, 0.11, 0.2000000149011612, 0.1122, 1.0], constraints = [-0.36964610302643996, 0.04127609042569307, 1.0000000000065512e-05, 0.6375161474879383, 2.3986876659892005, -39.0868647834352, 39.486864783435294, -0.27286298097551265, -0.010200569458127293, 0.5534878508092288, 0.8184154990141651, -1.8400310584676263]
iteration = 20 , objective = 0.106137810579, inputs = [0.75, 0.08, 0.11, 0.2, 0.11220001490116119, 1.0], constraints = [-0.36964674052341434, 0.041276091221121865, 1.0000000000065512e-05, 0.6375162248515153, 2.3986876840574913, -39.087020811543425, 39.487020811543516, -0.27286307687150924, -0.010200570079766203, 0.5534879004671188, 0.8184154990141651, -1.840031095645987]
iteration = 21 , objective = 0.10613780276, inputs = [0.75, 0.08, 0.11, 0.2, 0.1122, 1.0000000149011612], constraints = [-0.36964618621836415, 0.04127609080572186, 1.0000000000065512e-05, 0.637516225726215, 2.39868768526601, -39.086871768272204, 39.486871768272295, -0.27286307643619806, -0.01020057007515517, 0.5534879007821519, 0.8184154990141651, -1.8400310944374687]
iteration = 22 , objective = 0.103528271417, inputs = [0.6518155583326006, 0.098, 0.13733421664015621, 0.2455689251975855, 0.11371917398034129, 1.0], constraints = [-0.1869789991653379, 0.031886079676709395, 1.0000000000065512e-05, -0.42927193384687373, 2.7235080520365007, -36.10906404213915, 36.509064042139244, -0.016923668977847937, 0.00738680261085102, -0.29046150019805284, -0.06279888118118106, 0.547]
iteration = 23 , objective = 0.10346422515, inputs = [0.6518155732337618, 0.098, 0.13733421664015621, 0.2455689251975855, 0.11371917398034129, 1.0], constraints = [-0.18249576049591268, 0.03189845342810334, 1.0000000000065512e-05, -0.4114815879694356, 2.7457211459084756, -35.765126757976304, 36.165126757976395, -0.012072251933227918, 0.007472530561515471, -0.284108404695387, -0.06279856030859264, 0.5469999999999964]
iteration = 24 , objective = 0.103459843851, inputs = [0.6518155583326006, 0.0980000149011612, 0.13733421664015621, 0.2455689251975855, 0.11371917398034129, 1.0], constraints = [-0.18218906955836064, 0.03189929019398372, 1.0000000000065512e-05, -0.41026521456295084, 2.7472411906058625, -35.74164787808695, 36.14164787808704, -0.011741042537996904, 0.007478417377400973, -0.2836739746882017, -0.06279959257478368, 0.547]
iteration = 25 , objective = 0.103459550642, inputs = [0.6518155583326006, 0.098, 0.1373342315413174, 0.2455689251975855, 0.11371917398034129, 1.0], constraints = [-0.18216854490761034, 0.031899365982395636, 1.0000000000065512e-05, -0.4101810274163199, 2.7473458476326633, -35.740070554430304, 36.140070554430395, -0.011718779781308442, 0.007478802357236733, -0.28364377160846516, -0.06279786589769719, 0.547]
iteration = 26 , objective = 0.10345952525, inputs = [0.6518155583326006, 0.098, 0.13733421664015621, 0.2455689400987467, 0.11371917398034129, 1.0], constraints = [-0.18216676749840188, 0.03189936729268128, 1.0000000000065512e-05, -0.41017590461666714, 2.7473527694547775, -35.739938476725, 36.13993847672509, -0.011716926536361427, 0.007478832092261044, -0.2836420710969446, -0.06279888118118106, 0.5469999999999964]
iteration = 27 , objective = 0.103459533163, inputs = [0.6518155583326006, 0.098, 0.13733421664015621, 0.2455689251975855, 0.11371918888150248, 1.0], constraints = [-0.1821673214151233, 0.03189936847121951, 1.0000000000065512e-05, -0.4101754088866574, 2.7473532870693127, -35.74008700931813, 36.14008700931822, -0.011716916686442147, 0.007478833506673908, -0.2836418664693178, -0.06279888118118106, 0.5469999999999964]
iteration = 28 , objective = 0.10345952535, inputs = [0.6518155583326006, 0.098, 0.13733421664015621, 0.2455689251975855, 0.11371917398034129, 1.0000000149011612], constraints = [-0.18216676940183243, 0.03189936810914015, 1.0000000000065512e-05, -0.4101753805254566, 2.747353322499512, -35.73993745672419, 36.13993745672428, -0.011716909053016167, 0.007478833643507335, -0.28364185633643957, -0.06279888118118106, 0.547]
iteration = 29 , objective = 0.10345952527, inputs = [0.6518155583326006, 0.098, 0.13733421664015621, 0.2455689251975855, 0.11371917398034129, 1.0], constraints = [-0.18216676892242323, 0.031899368110504076, 1.0000000000065512e-05, -0.4101753785841652, 2.747353324924672, -35.739937421313925, 36.139937421314016, -0.011716908552997295, 0.007478833652873551, -0.2836418556428521, -0.06279888118118106, 0.5470000000000036]
iteration = 30 , objective = 0.103459525278, inputs = [0.6518155732337618, 0.098, 0.13733421664015621, 0.2455689251975855, 0.11371917398034129, 1.0], constraints = [-0.18216676948832536, 0.03189936654109153, 1.0000000000065512e-05, -0.4101750904552523, 2.7473532345233145, -35.73993768886112, 36.13993768886121, -0.01171691289816259, 0.007478833499507544, -0.2836416344459644, -0.06279856030859264, 0.5470000000000036]
iteration = 31 , objective = 0.103459522176, inputs = [0.6518155583326006, 0.0980000149011612, 0.13733421664015621, 0.2455689251975855, 0.11371917398034129, 1.0], constraints = [-0.182166552296836, 0.03189935271225706, 1.0000000000065512e-05, -0.4101757891114448, 2.7473529049980936, -35.739924078842705, 36.139924078842796, -0.011716724967735103, 0.007478848823669462, -0.28364202485672424, -0.06279959257478368, 0.547]
iteration = 32 , objective = 0.103459528623, inputs = [0.6518155583326006, 0.098, 0.1373342315413174, 0.2455689251975855, 0.11371917398034129, 1.0], constraints = [-0.18216700362875782, 0.03189937026177914, 1.0000000000065512e-05, -0.4101749063482043, 2.747353494368781, -35.739952563086035, 36.139952563086126, -0.011717115281084389, 0.007478831889379575, -0.2836415846751697, -0.06279786589769719, 0.5469999999999964]
iteration = 33 , objective = 0.103459523743, inputs = [0.6518155583326006, 0.098, 0.13733421664015621, 0.2455689400987467, 0.11371917398034129, 1.0], constraints = [-0.1821666620363576, 0.03189936758562705, 1.0000000000065512e-05, -0.41017548563570927, 2.747353292866228, -35.739930408049986, 36.13993040805008, -0.011716812710642798, 0.007478834113707013, -0.2836419214035368, -0.06279888118118106, 0.5469999999999964]
iteration = 34 , objective = 0.10345953306, inputs = [0.6518155583326006, 0.098, 0.13733421664015621, 0.2455689251975855, 0.11371918888150248, 1.0], constraints = [-0.18216731422548038, 0.031899368491291866, 1.0000000000065512e-05, -0.41017538020782923, 2.7473533228963025, -35.74008646333459, 36.14008646333468, -0.011716908981926722, 0.007478833645039783, -0.28364185622295507, -0.06279888118118106, 0.5469999999999964]
iteration = 35 , objective = 0.103459525343, inputs = [0.6518155583326006, 0.098, 0.13733421664015621, 0.2455689251975855, 0.11371917398034129, 1.0000000149011612], constraints = [-0.18216676888300207, 0.031899368110495374, 1.0000000000065512e-05, -0.41017537856243735, 2.7473533249518294, -35.739937413815824, 36.139937413815915, -0.011716908448270757, 0.007478833652978419, -0.28364185563508726, -0.06279888118118106, 0.547]
iteration = 36 , objective = 0.103459525269, inputs = [0.6518155583326006, 0.098, 0.13733421664015621, 0.2455689251975855, 0.11371917398034129, 1.0], constraints = [-0.1821667688571324, 0.03189936811057598, 1.0000000000065512e-05, -0.4101753784498055, 2.7473533250925284, -35.73993741210802, 36.13993741210811, -0.01171690842474007, 0.00747883365352163, -0.28364185559484667, -0.06279888118118106, 0.5470000000000036]
iteration = 37 , objective = 0.103459525278, inputs = [0.6518155732337618, 0.098, 0.13733421664015621, 0.2455689251975855, 0.11371917398034129, 1.0], constraints = [-0.18216676945877772, 0.031899366541078875, 1.0000000000065512e-05, -0.4101750904460414, 2.747353234534803, -35.739937682072195, 36.139937682072286, -0.011716912805356472, 0.007478833499551897, -0.2836416344426766, -0.06279856030859264, 0.5469999999999964]
iteration = 38 , objective = 0.103459522176, inputs = [0.6518155583326006, 0.0980000149011612, 0.13733421664015621, 0.2455689251975855, 0.11371917398034129, 1.0], constraints = [-0.18216655230834658, 0.031899352712265565, 1.0000000000065512e-05, -0.4101757891108082, 2.7473529049988827, -35.73992408018739, 36.139924080187484, -0.011716724988902527, 0.007478848823672453, -0.28364202485649914, -0.06279959257478368, 0.5469999999999964]
iteration = 39 , objective = 0.103459528623, inputs = [0.6518155583326006, 0.098, 0.1373342315413174, 0.2455689251975855, 0.11371917398034129, 1.0], constraints = [-0.18216700362913252, 0.03189937026177922, 1.0000000000065512e-05, -0.4101749063481702, 2.747353494368832, -35.73995256302646, 36.139952563026554, -0.011717115280903911, 0.007478831889379749, -0.2836415846751561, -0.06279786589769719, 0.5470000000000036]
iteration = 40 , objective = 0.103459523743, inputs = [0.6518155583326006, 0.098, 0.13733421664015621, 0.2455689400987467, 0.11371917398034129, 1.0], constraints = [-0.1821666620363576, 0.03189936758562705, 1.0000000000065512e-05, -0.41017548563570927, 2.747353292866228, -35.739930408049986, 36.13993040805008, -0.011716812710642798, 0.007478834113707013, -0.2836419214035368, -0.06279888118118106, 0.5469999999999964]
iteration = 41 , objective = 0.10345953306, inputs = [0.6518155583326006, 0.098, 0.13733421664015621, 0.2455689251975855, 0.11371918888150248, 1.0], constraints = [-0.18216731422548038, 0.031899368491291866, 1.0000000000065512e-05, -0.41017538020782923, 2.7473533228963025, -35.74008646333459, 36.14008646333468, -0.011716908981926722, 0.007478833645039783, -0.28364185622295507, -0.06279888118118106, 0.5469999999999964]
iteration = 42 , objective = 0.103459525343, inputs = [0.6518155583326006, 0.098, 0.13733421664015621, 0.2455689251975855, 0.11371917398034129, 1.0000000149011612], constraints = [-0.18216676888300207, 0.031899368110495374, 1.0000000000065512e-05, -0.41017537856243735, 2.7473533249518294, -35.739937413815824, 36.139937413815915, -0.011716908448270757, 0.007478833652978419, -0.28364185563508726, -0.06279888118118106, 0.547]
iteration = 43 , objective = 0.100907902574, inputs = [0.687138879108726, 0.09751936443114281, 0.12694900118353697, 0.23272057849575173, 0.110248939946885, 1.0], constraints = [-0.003553180204016826, 0.027505021233682293, 1.0000000000065512e-05, -0.08027340274876905, 2.4348881511924882, 1.4182422081378263, -1.0182422081377354, 0.0198662868798678, 0.007960372728027021, 0.031143669001353375, -0.0347941235332346, 0.5470000000000036]
iteration = 44 , objective = 0.100966280843, inputs = [0.6871388940098871, 0.09751936443114281, 0.12694900118353697, 0.23272057849575173, 0.110248939946885, 1.0], constraints = [-0.00763965897644448, 0.027491651126824744, 1.0000000000065512e-05, -0.09728550272950315, 2.4128530827829273, 1.1183235028970557, -0.7183235028969648, 0.015617250255689542, 0.007876449715789886, 0.025082851495137674, -0.034793818244586876, 0.5470000000000036]
iteration = 45 , objective = 0.100970395366, inputs = [0.687138879108726, 0.09751937933230401, 0.12694900118353697, 0.23272057849575173, 0.110248939946885, 1.0], constraints = [-0.007927675597682537, 0.027490698084097716, 1.0000000000065512e-05, -0.09848540608400526, 2.411300154705572, 1.0971465611955864, -0.6971465611954955, 0.015317252062228092, 0.00787055527006758, 0.02465542305056715, -0.034794840572614706, 0.5469999999999964]
iteration = 46 , objective = 0.100970691292, inputs = [0.687138879108726, 0.09751936443114281, 0.12694901608469816, 0.23272057849575173, 0.110248939946885, 1.0], constraints = [-0.007948390414487222, 0.027490650734059936, 1.0000000000065512e-05, -0.09856875957815191, 2.411191427935035, 1.09562997126136, -0.695629971261269, 0.015295778983844599, 0.007870121072663834, 0.024625931733189645, -0.03479302190608723, 0.5470000000000036]
iteration = 47 , objective = 0.100970707514, inputs = [0.687138879108726, 0.09751936443114281, 0.12694900118353697, 0.23272059339691292, 0.110248939946885, 1.0], constraints = [-0.007949525965432257, 0.02749064331162987, 1.0000000000065512e-05, -0.09857552670721816, 2.411183490255451, 1.0955424487262917, -0.6955424487262007, 0.015294530170230658, 0.007870095367486646, 0.024623327107917703, -0.0347941235332346, 0.5469999999999964]
iteration = 48 , objective = 0.100970718017, inputs = [0.687138879108726, 0.09751936443114281, 0.12694900118353697, 0.23272057849575173, 0.1102489548480462, 1.0], constraints = [-0.007950261183945258, 0.027490643871341, 1.0000000000065512e-05, -0.09857584763981776, 2.411182975813339, 1.0953805462418131, -0.6953805462417222, 0.015294350206608697, 0.007870092867831038, 0.024623238548017526, -0.0347941235332346, 0.547]
iteration = 49 , objective = 0.10097071036, inputs = [0.687138879108726, 0.09751936443114281, 0.12694900118353697, 0.23272057849575173, 0.110248939946885, 1.0000000149011612], constraints = [-0.00794972360157044, 0.02749064344567058, 1.0000000000065512e-05, -0.09857587563659082, 2.411182939568658, 1.0955290683787098, -0.6955290683786188, 0.015294343302227986, 0.007870092729885078, 0.02462322857842537, -0.0347941235332346, 0.547]
iteration = 50 , objective = 0.100970710344, inputs = [0.687138879108726, 0.09751936443114281, 0.12694900118353697, 0.23272057849575173, 0.110248939946885, 1.0], constraints = [-0.007949724103320477, 0.02749064344414863, 1.0000000000065512e-05, -0.09857587760907109, 2.4111829370150626, 1.0955290232159314, -0.6955290232158404, 0.015294342668088134, 0.007870092720166096, 0.024623227876027158, -0.0347941235332346, 0.5469999999999964]
iteration = 51 , objective = 0.10097071043, inputs = [0.6871388940098871, 0.09751936443114281, 0.12694900118353697, 0.23272057849575173, 0.110248939946885, 1.0], constraints = [-0.007949730089760123, 0.027490641872629396, 1.0000000000065512e-05, -0.09857561555264738, 2.4111828456483346, 1.0955283603918815, -0.6955283603917906, 0.015294332818445255, 0.00787009255820012, 0.02462343009626011, -0.034793818244586876, 0.547]
iteration = 52 , objective = 0.100970707471, inputs = [0.687138879108726, 0.09751937933230401, 0.12694900118353697, 0.23272057849575173, 0.110248939946885, 1.0], constraints = [-0.0079495229899876, 0.0274906269961308, 1.0000000000065512e-05, -0.0985763032502723, 2.4111824787243314, 1.095540257221046, -0.695540257220955, 0.015294497184287792, 0.007870107397825489, 0.024623054673495518, -0.034794840572614706, 0.547]
iteration = 53 , objective = 0.10097071328, inputs = [0.687138879108726, 0.09751936443114281, 0.12694901608469816, 0.23272057849575173, 0.110248939946885, 1.0], constraints = [-0.007949929595335562, 0.02749064572564891, 1.0000000000065512e-05, -0.09857516369319683, 2.4111831371485386, 1.0955168025200237, -0.6955168025199328, 0.015294175860971038, 0.007870089518203338, 0.024623651239844547, -0.03479302190608723, 0.547]
iteration = 54 , objective = 0.100970709064, inputs = [0.687138879108726, 0.09751936443114281, 0.12694900118353697, 0.23272059339691292, 0.110248939946885, 1.0], constraints = [-0.007949634458498622, 0.027490642958803976, 1.0000000000065512e-05, -0.09857597790506588, 2.4111829061334866, 1.0955344737301402, -0.6955344737300493, 0.015294417162516893, 0.007870093144338071, 0.024623166437233977, -0.0347941235332346, 0.547]
iteration = 55 , objective = 0.100970718126, inputs = [0.687138879108726, 0.09751936443114281, 0.12694900118353697, 0.23272057849575173, 0.1102489548480462, 1.0], constraints = [-0.007950268822354702, 0.02749064384647895, 1.0000000000065512e-05, -0.09857587942867213, 2.4111829346594096, 1.0953799852968586, -0.6953799852967677, 0.015294342265670835, 0.007870092711200413, 0.0246232272280713, -0.0347941235332346, 0.547]
iteration = 56 , objective = 0.100970710367, inputs = [0.687138879108726, 0.09751936443114281, 0.12694900118353697, 0.23272057849575173, 0.110248939946885, 1.0000000149011612], constraints = [-0.007949724118949234, 0.02749064344390375, 1.0000000000065512e-05, -0.0985758778762397, 2.411182936669182, 1.0955290296626572, -0.6955290296625662, 0.015294342752547508, 0.007870092718849857, 0.024623227780887193, -0.0347941235332346, 0.547]
iteration = 57 , objective = 0.100970710345, inputs = [0.687138879108726, 0.09751936443114281, 0.12694900118353697, 0.23272057849575173, 0.110248939946885, 1.0], constraints = [-0.00794972416393648, 0.027490643444042166, 1.0000000000065512e-05, -0.09857587776687068, 2.4111829368107793, 1.095529030743819, -0.6955290307437281, 0.015294342738027211, 0.007870092719388613, 0.024623227819834028, -0.0347941235332346, 0.547]
iteration = 58 , objective = 0.10097071043, inputs = [0.6871388940098871, 0.09751936443114281, 0.12694900118353697, 0.23272057849575173, 0.110248939946885, 1.0], constraints = [-0.007949730087435455, 0.02749064187261701, 1.0000000000065512e-05, -0.09857561556376368, 2.411182845633939, 1.095528366122835, -0.695528366122744, 0.01529433289794362, 0.007870092558145372, 0.02462343009229926, -0.034793818244586876, 0.5469999999999964]
iteration = 59 , objective = 0.10097070747, inputs = [0.687138879108726, 0.09751937933230401, 0.12694900118353697, 0.23272057849575173, 0.110248939946885, 1.0], constraints = [-0.007949522907743813, 0.027490626996068933, 1.0000000000065512e-05, -0.09857630325106129, 2.4111824787233163, 1.0955402726249304, -0.6955402726248394, 0.01529449740258606, 0.007870107397821728, 0.024623054673215846, -0.034794840572614706, 0.5469999999999964]
iteration = 60 , objective = 0.100970713279, inputs = [0.687138879108726, 0.09751936443114281, 0.12694901608469816, 0.23272057849575173, 0.110248939946885, 1.0], constraints = [-0.007949929535483534, 0.02749064572560444, 1.0000000000065512e-05, -0.0985751636932514, 2.4111831371484658, 1.0955168098951162, -0.6955168098950253, 0.015294175973444268, 0.007870089518203026, 0.02462365123982181, -0.03479302190608723, 0.547]
iteration = 61 , objective = 0.100970709064, inputs = [0.687138879108726, 0.09751936443114281, 0.12694900118353697, 0.23272059339691292, 0.110248939946885, 1.0], constraints = [-0.00794963445850226, 0.027490642958803976, 1.0000000000065512e-05, -0.09857597790506588, 2.411182906133483, 1.0955344737301402, -0.6955344737300493, 0.015294417162516893, 0.007870093144338071, 0.024623166437233977, -0.0347941235332346, 0.5469999999999964]
iteration = 62 , objective = 0.100970718126, inputs = [0.687138879108726, 0.09751936443114281, 0.12694900118353697, 0.23272057849575173, 0.1102489548480462, 1.0], constraints = [-0.007950268822354702, 0.02749064384647895, 1.0000000000065512e-05, -0.09857587942867213, 2.4111829346594096, 1.0953799852968586, -0.6953799852967677, 0.015294342265670835, 0.007870092711200413, 0.0246232272280713, -0.0347941235332346, 0.547]
iteration = 63 , objective = 0.100970710367, inputs = [0.687138879108726, 0.09751936443114281, 0.12694900118353697, 0.23272057849575173, 0.110248939946885, 1.0000000149011612], constraints = [-0.007949724118949234, 0.02749064344390375, 1.0000000000065512e-05, -0.0985758778762397, 2.411182936669182, 1.0955290296626572, -0.6955290296625662, 0.015294342752547508, 0.007870092718849857, 0.024623227780887193, -0.0347941235332346, 0.547]
iteration = 64 , objective = 0.101312743933, inputs = [0.7131820277980978, 0.08576590906858644, 0.11276503715991186, 0.228694038006578, 0.10961808165375805, 1.0], constraints = [-0.031892075289582864, 0.0365429345024513, 1.0000000000065512e-05, -0.1186432289327604, 2.405513347975484, 4.472471101049678, -4.072471101049587, -0.027708635517208792, -0.0015965376427772605, 0.028032197464681302, -0.02036761543173998, -0.5198127683695457]
iteration = 65 , objective = 0.100941135751, inputs = [0.6919987662364339, 0.09532606334056125, 0.12430214519079678, 0.23196918961701316, 0.11013121608274155, 1.0], constraints = [-0.005879502598032559, 0.029047141008819437, 1.0000000000065512e-05, -0.08215342626192751, 2.4086955913352357, 2.1239880342113793, -1.7239880342112883, 0.012767810284420023, 0.006168270352089472, 0.03885395689684629, -0.0265757341346216, 0.547]
iteration = 66 , objective = 0.100958955977, inputs = [0.6884249631561926, 0.09693894569511795, 0.126248557082933, 0.2325217365833789, 0.11021778638720295, 1.0], constraints = [-0.00712691835907026, 0.027895657604440544, 1.0000000000065512e-05, -0.09331139920220266, 2.410410872816199, 1.3841906127315724, -0.9841906127314815, 0.014852903770044178, 0.007421770137020008, 0.029021164303583192, -0.032383152645816156, 0.5470000000000036]
iteration = 67 , objective = 0.100969222825, inputs = [0.6872941216734715, 0.09744930237463548, 0.12686445092505833, 0.23269657638755636, 0.110245179416214, 1.0], constraints = [-0.007845597719391662, 0.027539239581390935, 1.0000000000065512e-05, -0.09792848092307622, 2.4110548153691815, 1.1305870650226097, -0.7305870650225188, 0.015243832775629329, 0.007815933519183166, 0.025170137266929942, -0.0344941513120466, 0.5470000000000036]
iteration = 68 , objective = 0.100970569171, inputs = [0.6871544033652006, 0.09751235822549206, 0.1269405461576891, 0.2327181782849322, 0.11024856389381792, 1.0], constraints = [-0.007939842000130738, 0.02749549662916232, 1.0000000000065512e-05, -0.09851344319046347, 2.4111665163637226, 1.0989941085565533, -0.6989941085564624, 0.015288711688842582, 0.007864664172807241, 0.02467724408331378, -0.03476401603512204, 0.547]
iteration = 69 , objective = 0.100970696882, inputs = [0.6871404315343735, 0.09751866381057774, 0.1269481556809522, 0.23272033847466977, 0.11024890234157829, 1.0], constraints = [-0.007948781735653028, 0.027491128566271957, 1.0000000000065512e-05, -0.09856982601692152, 2.411181040339212, 1.095872153348182, -0.6958721533480912, 0.01529373165672574, 0.007869548907441092, 0.024628562641682946, -0.03479111168095369, 0.5469999999999964]
iteration = 70 , objective = 0.100970709046, inputs = [0.6871390343512906, 0.09751929436908631, 0.12694891663327848, 0.23272055449364357, 0.11024893618635433, 1.0], constraints = [-0.007949633200514655, 0.027490691944989862, 1.0000000000065512e-05, -0.09857528638473241, 2.4111827292449415, 1.0955630985447442, -0.6955630985446533, 0.01529427817512854, 0.007870038270106343, 0.02462375640503069, -0.0347938223369838, 0.5469999999999964]
iteration = 71 , objective = 0.100970710219, inputs = [0.6871388946329824, 0.09751935742493716, 0.12694899272851112, 0.23272057609554092, 0.11024893957083193, 1.0], constraints = [-0.007949715326718433, 0.02749064829339519, 1.0000000000065512e-05, -0.09857581959639675, 2.411182914800709, 1.0955324151366312, -0.6955324151365403, 0.015294335963986327, 0.00787008726969067, 0.024623280333885306, -0.03479409341349856, 0.547]
iteration = 72 , objective = 0.100970710331, inputs = [0.6871388806611517, 0.09751936373052224, 0.12694900033803438, 0.23272057825573064, 0.1102489399092797, 1.0], constraints = [-0.007949723190191434, 0.027490643928851796, 1.0000000000065512e-05, -0.098575872011088, 2.411182934530436, 1.0955293746205825, -0.6955293746204916, 0.01529434216769232, 0.007870092174116897, 0.024623233049424015, -0.034794120521257355, 0.547]
iteration = 73 , objective = 0.100970710344, inputs = [0.6871388792639687, 0.09751936436108076, 0.1269490010989867, 0.23272057847174962, 0.11024893994312447, 1.0], constraints = [-0.007949724081019667, 0.02749064349253641, 1.0000000000065512e-05, -0.09857587718866853, 2.411182936586134, 1.0955290574827359, -0.6955290574826449, 0.015294342571439756, 0.007870092664874304, 0.02462322834373026, -0.03479412323203724, 0.547]
iteration = 74 , objective = 0.100970710345, inputs = [0.6871388791242503, 0.09751936442413661, 0.12694900117508195, 0.2327205784933515, 0.11024893994650894, 1.0], constraints = [-0.00794972412567222, 0.027490643448876056, 1.0000000000065512e-05, -0.09857587770192368, 2.4111829367975295, 1.0955290359804621, -0.6955290359803712, 0.015294342766224388, 0.007870092713972238, 0.02462322787476751, -0.03479412350311213, 0.547]
iteration = 75 , objective = 0.10097071043, inputs = [0.6871388940254115, 0.09751936442413661, 0.12694900117508195, 0.2327205784933515, 0.11024893994650894, 1.0], constraints = [-0.007949730083113535, 0.0274906418774798, 1.0000000000065512e-05, -0.09857561549503543, 2.4111828456256044, 1.0955283690761917, -0.6955283690761007, 0.015294332884917595, 0.007870092552747635, 0.024623430148581066, -0.03479381821446259, 0.547]
iteration = 76 , objective = 0.100970707471, inputs = [0.6871388791242503, 0.0975193793252978, 0.12694900117508195, 0.2327205784933515, 0.11024893994650894, 1.0], constraints = [-0.007949522975788569, 0.027490627000985736, 1.0000000000065512e-05, -0.09857630318204429, 2.4111824787153346, 1.095540263458588, -0.6955402634584971, 0.0152944972307413, 0.007870107392425371, 0.024623054729588603, -0.03479484054249406, 0.5470000000000036]
iteration = 77 , objective = 0.10097071328, inputs = [0.6871388791242503, 0.09751936442413661, 0.12694901607624315, 0.2327205784933515, 0.11024893994650894, 1.0], constraints = [-0.007949929632912245, 0.027490645730543065, 1.0000000000065512e-05, -0.09857516362422984, 2.4111831371405024, 1.0955168023058377, -0.6955168023057468, 0.015294175779986218, 0.007870089512806822, 0.024623651296205935, -0.03479302187596841, 0.5470000000000036]
iteration = 78 , objective = 0.100970709063, inputs = [0.6871388791242503, 0.09751936442413661, 0.12694900117508195, 0.2327205933945127, 0.11024893994650894, 1.0], constraints = [-0.007949634397667979, 0.0274906429636253, 1.0000000000065512e-05, -0.09857597783603524, 2.411182906125523, 1.0955344788940238, -0.6955344788939328, 0.01529441721472331, 0.007870093138941901, 0.024623166493615827, -0.03479412350311213, 0.5469999999999964]
iteration = 79 , objective = 0.100970718126, inputs = [0.6871388791242503, 0.09751936442413661, 0.12694900117508195, 0.2327205784933515, 0.11024895484767014, 1.0], constraints = [-0.007950268819851771, 0.02749064385134338, 1.0000000000065512e-05, -0.09857587935964147, 2.4111829346514497, 1.0953799885485296, -0.6953799885484386, 0.015294342250751214, 0.007870092705804362, 0.02462322728445997, -0.03479412350311213, 0.547]
iteration = 80 , objective = 0.100970710368, inputs = [0.6871388791242503, 0.09751936442413661, 0.12694900117508195, 0.2327205784933515, 0.11024893994650894, 1.0000000149011612], constraints = [-0.007949724184334627, 0.02749064344881847, 1.0000000000065512e-05, -0.09857587780721361, 2.411182936661222, 1.0955290273593619, -0.6955290273592709, 0.015294342634632585, 0.007870092713453403, 0.024623227837271316, -0.03479412350311213, 0.547]
iteration = 81 , objective = 0.100970710345, inputs = [0.6871388791242503, 0.09751936442413661, 0.12694900117508195, 0.2327205784933515, 0.11024893994650894, 1.0], constraints = [-0.007949724141446495, 0.02749064344889162, 1.0000000000065512e-05, -0.09857587769782185, 2.411182936802823, 1.0955290302665617, -0.6955290302664707, 0.015294342677605854, 0.007870092713992402, 0.0246232278762227, -0.03479412350311213, 0.5469999999999964]
iteration = 82 , objective = 0.10097071043, inputs = [0.6871388940254115, 0.09751936442413661, 0.12694900117508195, 0.2327205784933515, 0.11024893994650894, 1.0], constraints = [-0.007949730066109623, 0.027490641877467623, 1.0000000000065512e-05, -0.09857561549473302, 2.411182845625979, 1.095528369161002, -0.6955283691609111, 0.015294332886510987, 0.00787009255274914, 0.024623430148685656, -0.03479381821446259, 0.5469999999999964]
iteration = 83 , objective = 0.100970707471, inputs = [0.6871388791242503, 0.0975193793252978, 0.12694900117508195, 0.2327205784933515, 0.11024893994650894, 1.0], constraints = [-0.00794952298827775, 0.027490627000994965, 1.0000000000065512e-05, -0.09857630318202154, 2.4111824787153635, 1.0955402613572005, -0.6955402613571096, 0.015294497191770163, 0.007870107392425482, 0.024623054729599973, -0.03479484054249406, 0.5470000000000036]
iteration = 84 , objective = 0.10097071328, inputs = [0.6871388791242503, 0.09751936442413661, 0.12694901607624315, 0.2327205784933515, 0.11024893994650894, 1.0], constraints = [-0.007949929628764948, 0.027490645730540164, 1.0000000000065512e-05, -0.09857516362421848, 2.411183137140506, 1.0955168024127033, -0.6955168024126124, 0.015294175785328434, 0.007870089512806926, 0.024623651296205935, -0.03479302187596841, 0.547]
iteration = 85 , objective = 0.100970709063, inputs = [0.6871388791242503, 0.09751936442413661, 0.12694900117508195, 0.2327205933945127, 0.11024893994650894, 1.0], constraints = [-0.007949634397667979, 0.0274906429636253, 1.0000000000065512e-05, -0.09857597783603524, 2.411182906125523, 1.0955344788940238, -0.6955344788939328, 0.01529441721472331, 0.007870093138941901, 0.024623166493615827, -0.03479412350311213, 0.5469999999999964]
iteration = 86 , objective = 0.100970718126, inputs = [0.6871388791242503, 0.09751936442413661, 0.12694900117508195, 0.2327205784933515, 0.11024895484767014, 1.0], constraints = [-0.007950268819851771, 0.02749064385134338, 1.0000000000065512e-05, -0.09857587935964147, 2.4111829346514497, 1.0953799885485296, -0.6953799885484386, 0.015294342250751214, 0.007870092705804362, 0.02462322728445997, -0.03479412350311213, 0.547]
iteration = 87 , objective = 0.100970710368, inputs = [0.6871388791242503, 0.09751936442413661, 0.12694900117508195, 0.2327205784933515, 0.11024893994650894, 1.0000000149011612], constraints = [-0.007949724184334627, 0.02749064344881847, 1.0000000000065512e-05, -0.09857587780721361, 2.411182936661222, 1.0955290273593619, -0.6955290273592709, 0.015294342634632585, 0.007870092713453403, 0.024623227837271316, -0.03479412350311213, 0.547]
iteration = 88 , objective = 0.100970710345, inputs = [0.6871388791242503, 0.09751936442413661, 0.12694900117508195, 0.2327205784933515, 0.11024893994650894, 1.0], constraints = [-0.007949724141446495, 0.02749064344889162, 1.0000000000065512e-05, -0.09857587769782185, 2.411182936802823, 1.0955290302665617, -0.6955290302664707, 0.015294342677605854, 0.007870092713992402, 0.0246232278762227, -0.03479412350311213, 0.5469999999999964]
iteration = 89 , objective = 0.10097071043, inputs = [0.6871388940254115, 0.09751936442413661, 0.12694900117508195, 0.2327205784933515, 0.11024893994650894, 1.0], constraints = [-0.007949730066109623, 0.027490641877467623, 1.0000000000065512e-05, -0.09857561549473302, 2.411182845625979, 1.095528369161002, -0.6955283691609111, 0.015294332886510987, 0.00787009255274914, 0.024623430148685656, -0.03479381821446259, 0.5469999999999964]
iteration = 90 , objective = 0.100970707471, inputs = [0.6871388791242503, 0.0975193793252978, 0.12694900117508195, 0.2327205784933515, 0.11024893994650894, 1.0], constraints = [-0.00794952298827775, 0.027490627000994965, 1.0000000000065512e-05, -0.09857630318202154, 2.4111824787153635, 1.0955402613572005, -0.6955402613571096, 0.015294497191770163, 0.007870107392425482, 0.024623054729599973, -0.03479484054249406, 0.5470000000000036]
iteration = 91 , objective = 0.10097071328, inputs = [0.6871388791242503, 0.09751936442413661, 0.12694901607624315, 0.2327205784933515, 0.11024893994650894, 1.0], constraints = [-0.007949929628764948, 0.027490645730540164, 1.0000000000065512e-05, -0.09857516362421848, 2.411183137140506, 1.0955168024127033, -0.6955168024126124, 0.015294175785328434, 0.007870089512806926, 0.024623651296205935, -0.03479302187596841, 0.547]
iteration = 92 , objective = 0.100970709063, inputs = [0.6871388791242503, 0.09751936442413661, 0.12694900117508195, 0.2327205933945127, 0.11024893994650894, 1.0], constraints = [-0.007949634397667979, 0.0274906429636253, 1.0000000000065512e-05, -0.09857597783603524, 2.411182906125523, 1.0955344788940238, -0.6955344788939328, 0.01529441721472331, 0.007870093138941901, 0.024623166493615827, -0.03479412350311213, 0.5469999999999964]
iteration = 93 , objective = 0.100970718126, inputs = [0.6871388791242503, 0.09751936442413661, 0.12694900117508195, 0.2327205784933515, 0.11024895484767014, 1.0], constraints = [-0.007950268819851771, 0.02749064385134338, 1.0000000000065512e-05, -0.09857587935964147, 2.4111829346514497, 1.0953799885485296, -0.6953799885484386, 0.015294342250751214, 0.007870092705804362, 0.02462322728445997, -0.03479412350311213, 0.547]
iteration = 94 , objective = 0.100970710368, inputs = [0.6871388791242503, 0.09751936442413661, 0.12694900117508195, 0.2327205784933515, 0.11024893994650894, 1.0000000149011612], constraints = [-0.007949724184334627, 0.02749064344881847, 1.0000000000065512e-05, -0.09857587780721361, 2.411182936661222, 1.0955290273593619, -0.6955290273592709, 0.015294342634632585, 0.007870092713453403, 0.024623227837271316, -0.03479412350311213, 0.547]
iteration = 95 , objective = 0.101321579074, inputs = [0.7120232322484135, 0.08687723734318553, 0.11359669588251967, 0.23320928079853043, 0.11051948907442122, 1.0], constraints = [-0.032510535174558756, 0.035329425944949, 1.0000000000065512e-05, -0.14902388511472964, 2.3774244815318633, -2.632203785999536, 3.032203785999627, -0.0013967364347376332, -0.00034187644371755366, 0.013184540050979195, -0.03472271290215758, -0.30812180240206]
iteration = 96 , objective = 0.100951997546, inputs = [0.6928575631619573, 0.09507369256112205, 0.12388050207598253, 0.2328328873831134, 0.11031111495951766, 1.0], constraints = [-0.006639828222643701, 0.029153834330346913, 1.0000000000065512e-05, -0.09054696106366236, 2.4000114208041925, 0.65602313052932, -0.2560231305292291, 0.01719831740980062, 0.006014277774622233, 0.03568023842262392, -0.028566610556061276, 0.547]
iteration = 97 , objective = 0.100947802669, inputs = [0.6928575780631185, 0.09507369256112205, 0.12388050207598253, 0.2328328873831134, 0.11031111495951766, 1.0], constraints = [-0.006346186845687043, 0.02915483438131901, 1.0000000000065512e-05, -0.08932266645561412, 2.4015975951302098, 0.6774298920172441, -0.2774298920171532, 0.017501791086892027, 0.006020312754345586, 0.03611615672920834, -0.028566307586293988, 0.547]
iteration = 98 , objective = 0.100947504945, inputs = [0.6928575631619573, 0.09507370746228325, 0.12388050207598253, 0.2328328873831134, 0.11031111495951766, 1.0], constraints = [-0.006325346132802224, 0.02915488958738044, 1.0000000000065512e-05, -0.08923739249872142, 2.4017086297820422, 0.6789455419764181, -0.27894554197632715, 0.017523273520676952, 0.006020752329033527, 0.03614638263834877, -0.02856734652855994, 0.547]
iteration = 99 , objective = 0.100947490045, inputs = [0.6928575631619573, 0.09507369256112205, 0.12388051697714372, 0.2328328873831134, 0.11031111495951766, 1.0], constraints = [-0.006324303119883553, 0.029154913434546285, 1.0000000000065512e-05, -0.08923014319659388, 2.4017171233367116, 0.6790280642528614, -0.2790280642527705, 0.01752445420836537, 0.006020762787259319, 0.03614917333405174, -0.028565480892712002, 0.547]
iteration = 100 , objective = 0.100947484627, inputs = [0.6928575631619573, 0.09507369256112205, 0.12388050207598253, 0.23283290228427458, 0.11031111495951766, 1.0], constraints = [-0.006323923893083702, 0.029154911044173573, 1.0000000000065512e-05, -0.08923059877220794, 2.401717439264117, 0.6790518397513097, -0.2790518397512187, 0.017524782739812395, 0.006020769121323606, 0.03614879726054141, -0.028566610556061276, 0.547]
iteration = 101 , objective = 0.100947493484, inputs = [0.6928575631619573, 0.09507369256112205, 0.12388050207598253, 0.2328328873831134, 0.11031112986067886, 1.0], constraints = [-0.006324543874197844, 0.02915491195868447, 1.0000000000065512e-05, -0.08923047041267637, 2.401717505878463, 0.6788982753221262, -0.27889827532203526, 0.017524720732032505, 0.006020768810036617, 0.03614886882980727, -0.028566610556061276, 0.547]
iteration = 102 , objective = 0.100947485746, inputs = [0.6928575631619573, 0.09507369256112205, 0.12388050207598253, 0.2328328873831134, 0.11031111495951766, 1.0000000149011612], constraints = [-0.006324000701530167, 0.029154911541338334, 1.0000000000065512e-05, -0.08923046680259632, 2.401717510557053, 0.6790473446421856, -0.2790473446420947, 0.017524721543929544, 0.006020768827837725, 0.036148870114932376, -0.028566610556061276, 0.5470000000000036]
iteration = 103 , objective = 0.100947485723, inputs = [0.6928575631619573, 0.09507369256112205, 0.12388050207598253, 0.2328328873831134, 0.11031111495951766, 1.0], constraints = [-0.006324000630611408, 0.02915491154153821, 1.0000000000065512e-05, -0.08923046654904737, 2.40171751088565, 0.6790473493556419, -0.279047349355551, 0.017524721610352855, 0.006020768829087968, 0.03614887020518836, -0.028566610556061276, 0.5470000000000036]
iteration = 104 , objective = 0.100947485809, inputs = [0.6928575780631185, 0.09507369256112205, 0.12388050207598253, 0.2328328873831134, 0.11031111495951766, 1.0], constraints = [-0.0063240066230464435, 0.029154910057017654, 1.0000000000065512e-05, -0.0892302070387268, 2.40171742008621, 0.6790466795541761, -0.27904667955408513, 0.017524711701351947, 0.006020768664738427, 0.03614907045521022, -0.028566307586293988, 0.5470000000000036]
iteration = 105 , objective = 0.100947482691, inputs = [0.6928575631619573, 0.09507370746228325, 0.12388050207598253, 0.2328328873831134, 0.11031111495951766, 1.0], constraints = [-0.006323788339486782, 0.029154894902486912, 1.0000000000065512e-05, -0.0892308987219053, 2.401717045562396, 0.6790590939085632, -0.2790590939084723, 0.0175248833060472, 0.006020784349520088, 0.036148694299508864, -0.02856734652855994, 0.5469999999999964]
iteration = 106 , objective = 0.100947488482, inputs = [0.6928575631619573, 0.09507369256112205, 0.12388051697714372, 0.2328328873831134, 0.11031111495951766, 1.0], constraints = [-0.006324193724332872, 0.029154913807858396, 1.0000000000065512e-05, -0.08922968711302474, 2.4017177144103226, 0.6790360433872138, -0.27903604338712285, 0.017524567324353767, 0.006020765036185344, 0.03614933569117056, -0.028565480892712002, 0.5470000000000036]
iteration = 107 , objective = 0.100947484517, inputs = [0.6928575631619573, 0.09507369256112205, 0.12388050207598253, 0.23283290228427458, 0.11031111495951766, 1.0], constraints = [-0.0063239161709425385, 0.029154911070362707, 1.0000000000065512e-05, -0.0892305667396522, 2.401717480777559, 0.6790524063430894, -0.27905240634299844, 0.017524790778489674, 0.0060207692792745085, 0.03614880866352678, -0.028566610556061276, 0.547]
iteration = 108 , objective = 0.100947493476, inputs = [0.6928575631619573, 0.09507369256112205, 0.12388050207598253, 0.2328328873831134, 0.11031112986067886, 1.0], constraints = [-0.006324543325041304, 0.029154911960518747, 1.0000000000065512e-05, -0.08923046816290253, 2.4017175087941216, 0.6788983120181911, -0.2788983120181001, 0.017524721263751885, 0.006020768821130187, 0.03614886963068784, -0.028566610556061276, 0.547]
iteration = 109 , objective = 0.100947485746, inputs = [0.6928575631619573, 0.09507369256112205, 0.12388050207598253, 0.2328328873831134, 0.11031111495951766, 1.0000000149011612], constraints = [-0.0063240006765227005, 0.029154911541477736, 1.0000000000065512e-05, -0.08923046664458979, 2.401717510761831, 0.6790473469848166, -0.27904734698472566, 0.017524721574280023, 0.006020768828617046, 0.03614887017118235, -0.028566610556061276, 0.547]
iteration = 110 , objective = 0.100947485723, inputs = [0.6928575631619573, 0.09507369256112205, 0.12388050207598253, 0.2328328873831134, 0.11031111495951766, 1.0], constraints = [-0.006324000640059239, 0.029154911541556652, 1.0000000000065512e-05, -0.08923046653794017, 2.401717510900031, 0.6790473484450104, -0.2790473484449194, 0.017524721598191205, 0.006020768829142861, 0.036148870209140115, -0.028566610556061276, 0.547]
iteration = 111 , objective = 0.100947485809, inputs = [0.6928575780631185, 0.09507369256112205, 0.12388050207598253, 0.2328328873831134, 0.11031111495951766, 1.0], constraints = [-0.006324006633702083, 0.029154910057026653, 1.0000000000065512e-05, -0.089230207037931, 2.4017174200872216, 0.6790466797442605, -0.2790466797441695, 0.01752471170462435, 0.006020768664742097, 0.03614907045549216, -0.028566307586293988, 0.5469999999999964]
iteration = 112 , objective = 0.10094748269, inputs = [0.6928575631619573, 0.09507370746228325, 0.12388050207598253, 0.2328328873831134, 0.11031111495951766, 1.0], constraints = [-0.006323788331676042, 0.029154894902480986, 1.0000000000065512e-05, -0.08923089872185073, 2.4017170455624726, 0.6790590939076537, -0.2790590939075628, 0.017524883305987515, 0.0060207843495203445, 0.036148694299524775, -0.02856734652855994, 0.547]
iteration = 113 , objective = 0.100947488482, inputs = [0.6928575631619573, 0.09507369256112205, 0.12388051697714372, 0.2328328873831134, 0.11031111495951766, 1.0], constraints = [-0.006324193719090545, 0.029154913807854323, 1.0000000000065512e-05, -0.08922968711301792, 2.401717714410326, 0.6790360390225487, -0.27903603902245777, 0.017524567261558134, 0.006020765036185399, 0.03614933569117056, -0.028565480892712002, 0.547]
iteration = 114 , objective = 0.100947484517, inputs = [0.6928575631619573, 0.09507369256112205, 0.12388050207598253, 0.23283290228427458, 0.11031111495951766, 1.0], constraints = [-0.0063239161709425385, 0.029154911070362707, 1.0000000000065512e-05, -0.0892305667396522, 2.401717480777559, 0.6790524063430894, -0.27905240634299844, 0.017524790778489674, 0.0060207692792745085, 0.03614880866352678, -0.028566610556061276, 0.547]
iteration = 115 , objective = 0.100947493476, inputs = [0.6928575631619573, 0.09507369256112205, 0.12388050207598253, 0.2328328873831134, 0.11031112986067886, 1.0], constraints = [-0.006324543325041304, 0.029154911960518747, 1.0000000000065512e-05, -0.08923046816290253, 2.4017175087941216, 0.6788983120181911, -0.2788983120181001, 0.017524721263751885, 0.006020768821130187, 0.03614886963068784, -0.028566610556061276, 0.547]
iteration = 116 , objective = 0.100947485746, inputs = [0.6928575631619573, 0.09507369256112205, 0.12388050207598253, 0.2328328873831134, 0.11031111495951766, 1.0000000149011612], constraints = [-0.0063240006765227005, 0.029154911541477736, 1.0000000000065512e-05, -0.08923046664458979, 2.401717510761831, 0.6790473469848166, -0.27904734698472566, 0.017524721574280023, 0.006020768828617046, 0.03614887017118235, -0.028566610556061276, 0.547]
iteration = 117 , objective = 0.101246844033, inputs = [0.723650968390362, 0.08523972873132322, 0.11123147188671192, 0.22791428223990104, 0.1094476889088268, 1.0], constraints = [-0.027279082281638695, 0.036090321350753546, 1.0000000000065512e-05, -0.029357200554140945, 2.335914187000257, 5.867629592980165, -5.4676295929800744, -0.032578885341398946, -0.0018055874378089566, 0.10866542869648584, 0.08590652919336389, -0.5684346476919745]
iteration = 118 , objective = 0.100948134536, inputs = [0.6974135886989754, 0.09361871250918069, 0.12200902004489911, 0.2321051571930689, 0.11018336711522775, 1.0], constraints = [-0.00636941751599079, 0.030076433507368584, 1.0000000000065512e-05, -0.06993608717518328, 2.386760395880803, 1.6228776520281372, -1.2228776520280462, 0.012522877137502775, 0.004873109225900285, 0.0549872075133726, -0.006754658885969548, 0.547]
iteration = 119 , objective = 0.100938710988, inputs = [0.6974136036001366, 0.09361871250918069, 0.12200902004489911, 0.2321051571930689, 0.11018336711522775, 1.0], constraints = [-0.0057097691861054045, 0.03007853813459485, 1.0000000000065512e-05, -0.06719176776551422, 2.3903241386452136, 1.6710149232364984, -1.2710149232364074, 0.013205404748999783, 0.004886662257885796, 0.05596411667481334, -0.006754357196363344, 0.547]
iteration = 120 , objective = 0.100938047276, inputs = [0.6974135886989754, 0.09361872741034188, 0.12200902004489911, 0.2321051571930689, 0.11018336711522775, 1.0], constraints = [-0.005663309344377922, 0.0300786703090868, 1.0000000000065512e-05, -0.06700011531568634, 2.3905735845935014, 1.6744008118992042, -1.2744008118991133, 0.013253408700282776, 0.004887628654911408, 0.05603220844285943, -0.006755408032511696, 0.5470000000000036]
iteration = 121 , objective = 0.100938006785, inputs = [0.6974135886989754, 0.09361871250918069, 0.1220090349460603, 0.2321051571930689, 0.11018336711522775, 1.0], constraints = [-0.005660474984200846, 0.030078699952158942, 1.0000000000065512e-05, -0.06698537946222814, 2.390591772883221, 1.6746141187691137, -1.2746141187690228, 0.013256443967458509, 0.004887675054094383, 0.05603767501291259, -0.006753509230919007, 0.547]
iteration = 122 , objective = 0.100937999695, inputs = [0.6974135886989754, 0.09361871250918069, 0.12200902004489911, 0.2321051720942301, 0.11018336711522775, 1.0], constraints = [-0.005659978684183443, 0.030078697975839293, 1.0000000000065512e-05, -0.06698535077396855, 2.3905927653933103, 1.6746465651187918, -1.274646565118701, 0.013256895674402002, 0.00488768434768997, 0.05603746051599046, -0.006754658885969548, 0.547]
iteration = 123 , objective = 0.100938008381, inputs = [0.6974135886989754, 0.09361871250918069, 0.12200902004489911, 0.2321051571930689, 0.11018338201638894, 1.0], constraints = [-0.005660586657028034, 0.03007869887523961, 1.0000000000065512e-05, -0.06698518638022279, 2.390592879000844, 1.67449379472896, -1.274493794728869, 0.013256844868562823, 0.004887684202558619, 0.05603754488849063, -0.006754658885969548, 0.5469999999999964]
iteration = 124 , objective = 0.100938000641, inputs = [0.6974135886989754, 0.09361871250918069, 0.12200902004489911, 0.2321051571930689, 0.11018336711522775, 1.0000000149011612], constraints = [-0.005660043402793235, 0.030078698486790643, 1.0000000000065512e-05, -0.06698518024864143, 2.3905928869648307, 1.674642914443666, -1.2746429144435751, 0.013256846380420129, 0.004887684232849132, 0.056037547071114205, -0.006754658885969548, 0.5469999999999964]
iteration = 125 , objective = 0.100938000618, inputs = [0.6974135886989754, 0.09361871250918069, 0.12200902004489911, 0.2321051571930689, 0.11018336711522775, 1.0], constraints = [-0.005660043248579313, 0.030078698487083888, 1.0000000000065512e-05, -0.06698517981881195, 2.3905928875231113, 1.6746429242562044, -1.2746429242561135, 0.01325684655330619, 0.004887684234972607, 0.056037547224118495, -0.006754658885969548, 0.547]
iteration = 126 , objective = 0.100938000706, inputs = [0.6974136036001366, 0.09361871250918069, 0.12200902004489911, 0.2321051571930689, 0.11018336711522775, 1.0], constraints = [-0.005660049449474173, 0.030078697006913943, 1.0000000000065512e-05, -0.06698492276980915, 2.3905927969902443, 1.6746422372170855, -1.2746422372169945, 0.013256836370994663, 0.004887684068610711, 0.05603774567352502, -0.006754357196363344, 0.5470000000000036]
iteration = 127 , objective = 0.100937997486, inputs = [0.6974135886989754, 0.09361872741034188, 0.12200902004489911, 0.2321051571930689, 0.11018336711522775, 1.0], constraints = [-0.005659824035104975, 0.03007868144668871, 1.0000000000065512e-05, -0.06698561538091326, 2.390592417763364, 1.674655080578077, -1.2746550805779862, 0.013257013934942209, 0.0048877002851695425, 0.05603736989606659, -0.006755408032511696, 0.547]
iteration = 128 , objective = 0.100938003296, inputs = [0.6974135886989754, 0.09361871250918069, 0.1220090349460603, 0.2321051571930689, 0.11018336711522775, 1.0], constraints = [-0.0056602306985732865, 0.030078700732942963, 1.0000000000065512e-05, -0.0669843630048672, 2.3905930931045005, 1.6746319416176902, -1.2746319416175993, 0.01325669664609883, 0.004887680075439126, 0.05603803683517072, -0.006753509230919007, 0.547]
iteration = 129 , objective = 0.100937999451, inputs = [0.6974135886989754, 0.09361871250918069, 0.12200902004489911, 0.2321051720942301, 0.11018336711522775, 1.0], constraints = [-0.005659961584886332, 0.030078698030591225, 1.0000000000065512e-05, -0.06698527951944243, 2.390592857941956, 1.674647808658392, -1.274647808658301, 0.013256913293045968, 0.004887684699690732, 0.05603748588004237, -0.006754658885969548, 0.547]
iteration = 130 , objective = 0.100938008364, inputs = [0.6974135886989754, 0.09361871250918069, 0.12200902004489911, 0.2321051571930689, 0.11018338201638894, 1.0], constraints = [-0.005660585476849519, 0.030078698879091134, 1.0000000000065512e-05, -0.06698518138522104, 2.3905928854885823, 1.6744938807132712, -1.2744938807131803, 0.013256846056151517, 0.004887684227234353, 0.05603754666653003, -0.006754658885969548, 0.5469999999999964]
iteration = 131 , objective = 0.10093800064, inputs = [0.6974135886989754, 0.09361871250918069, 0.12200902004489911, 0.2321051571930689, 0.11018336711522775, 1.0000000149011612], constraints = [-0.005660043325256993, 0.030078698487064612, 1.0000000000065512e-05, -0.06698517989849734, 2.3905928874196216, 1.6746429143302066, -1.2746429143301157, 0.013256846401078447, 0.00488768423457888, 0.056037547195755905, -0.006754658885969548, 0.5469999999999964]
iteration = 132 , objective = 0.100938000619, inputs = [0.6974135886989754, 0.09361871250918069, 0.12200902004489911, 0.2321051571930689, 0.11018336711522775, 1.0], constraints = [-0.0056600433089770376, 0.030078698487150834, 1.0000000000065512e-05, -0.06698517979426924, 2.3905928875549907, 1.6746429202476065, -1.2746429202475156, 0.013256846452209458, 0.004887684235093795, 0.056037547232854194, -0.006754658885969548, 0.5470000000000036]
iteration = 133 , objective = 0.100938000707, inputs = [0.6974136036001366, 0.09361871250918069, 0.12200902004489911, 0.2321051571930689, 0.11018336711522775, 1.0], constraints = [-0.0056600494973463355, 0.03007869700695031, 1.0000000000065512e-05, -0.06698492276808565, 2.3905927969924776, 1.6746422357343818, -1.2746422357342908, 0.01325683632878274, 0.004887684068619204, 0.05603774567413893, -0.006754357196363344, 0.5469999999999964]
iteration = 134 , objective = 0.100937997486, inputs = [0.6974135886989754, 0.09361872741034188, 0.12200902004489911, 0.2321051571930689, 0.11018336711522775, 1.0], constraints = [-0.005659824047874281, 0.030078681446698112, 1.0000000000065512e-05, -0.06698561538079957, 2.3905924177635205, 1.6746550814780221, -1.2746550814779312, 0.013257013938737927, 0.004887700285170098, 0.05603736989610525, -0.006755408032511696, 0.5470000000000036]
iteration = 135 , objective = 0.100938003296, inputs = [0.6974135886989754, 0.09361871250918069, 0.1220090349460603, 0.2321051571930689, 0.11018336711522775, 1.0], constraints = [-0.005660230719782703, 0.030078700732958236, 1.0000000000065512e-05, -0.06698436300485809, 2.390593093104511, 1.6746319385904371, -1.2746319385903462, 0.013256696588521777, 0.004887680075439181, 0.056038036835172986, -0.006753509230919007, 0.5469999999999964]
iteration = 136 , objective = 0.100937999451, inputs = [0.6974135886989754, 0.09361871250918069, 0.12200902004489911, 0.2321051720942301, 0.11018336711522775, 1.0], constraints = [-0.005659961584886332, 0.030078698030591225, 1.0000000000065512e-05, -0.06698527951944243, 2.390592857941956, 1.674647808658392, -1.274647808658301, 0.013256913293045968, 0.004887684699690732, 0.05603748588004237, -0.006754658885969548, 0.547]
iteration = 137 , objective = 0.100938008364, inputs = [0.6974135886989754, 0.09361871250918069, 0.12200902004489911, 0.2321051571930689, 0.11018338201638894, 1.0], constraints = [-0.005660585476849519, 0.030078698879091134, 1.0000000000065512e-05, -0.06698518138522104, 2.3905928854885823, 1.6744938807132712, -1.2744938807131803, 0.013256846056151517, 0.004887684227234353, 0.05603754666653003, -0.006754658885969548, 0.5469999999999964]
iteration = 138 , objective = 0.10093800064, inputs = [0.6974135886989754, 0.09361871250918069, 0.12200902004489911, 0.2321051571930689, 0.11018336711522775, 1.0000000149011612], constraints = [-0.005660043325256993, 0.030078698487064612, 1.0000000000065512e-05, -0.06698517989849734, 2.3905928874196216, 1.6746429143302066, -1.2746429143301157, 0.013256846401078447, 0.00488768423457888, 0.056037547195755905, -0.006754658885969548, 0.5469999999999964]
iteration = 139 , objective = 0.100857695369, inputs = [0.7066415440505617, 0.09518777097746232, 0.12069743424627094, 0.2278402875860644, 0.11034803666185904, 1.0], constraints = [-3.867579668803955e-05, 0.027290392221681815, 1.0000000000065512e-05, 0.0010506427925110985, 2.2762882345123288, 0.400137101513792, 0.0001371015137010545, 0.017969309724505323, 0.006667143135890036, 0.13302624414210185, -0.0011176402455948845, 0.547]
iteration = 140 , objective = 0.100878720858, inputs = [0.7066415589517229, 0.09518777097746232, 0.12069743424627094, 0.2278402875860644, 0.11034803666185904, 1.0], constraints = [-0.0015104600858212506, 0.027285043813291894, 1.0000000000065512e-05, -0.005148293086369904, 2.2681648560943906, 0.29359226840301744, 0.10640773159707351, 0.016457374617872843, 0.006636408333408533, 0.13082385369543773, -0.00111734231742048, 0.5470000000000036]
iteration = 141 , objective = 0.100880212069, inputs = [0.7066415440505617, 0.09518778587862352, 0.12069743424627094, 0.2278402875860644, 0.11034803666185904, 1.0], constraints = [-0.0016148448120184185, 0.027284648946853562, 1.0000000000065512e-05, -0.005589473423613072, 2.2675873528488557, 0.2860277819836483, 0.11397221801644264, 0.01635002891944346, 0.006634240616557444, 0.13066700094937458, -0.0011183774845594599, 0.5469999999999964]
iteration = 142 , objective = 0.100880323872, inputs = [0.7066415440505617, 0.09518777097746232, 0.12069744914743213, 0.2278402875860644, 0.11034803666185904, 1.0], constraints = [-0.0016226710414412081, 0.02728464132892243, 1.0000000000065512e-05, -0.005619484923811342, 2.267547049069606, 0.2854675065811989, 0.11453249341889205, 0.016342089246359846, 0.006634066346421323, 0.1306565660592878, -0.0011164774016178853, 0.5470000000000036]
iteration = 143 , objective = 0.10088032756, inputs = [0.7066415440505617, 0.09518777097746232, 0.12069743424627094, 0.2278403024872256, 0.11034803666185904, 1.0], constraints = [-0.0016229291707350057, 0.02728463662103387, 1.0000000000065512e-05, -0.005622650338184485, 2.26754389068242, 0.28544486085161225, 0.1145551391484787, 0.01634175952935486, 0.006634059821963335, 0.13065521160729987, -0.0011176402455948845, 0.547]
iteration = 144 , objective = 0.100880337011, inputs = [0.7066415440505617, 0.09518777097746232, 0.12069743424627094, 0.2278402875860644, 0.11034805156302023, 1.0], constraints = [-0.0016235907982809295, 0.027284637381036106, 1.0000000000065512e-05, -0.0056227120364656, 2.267543711084392, 0.2852883377904618, 0.11471166220962914, 0.016341655381057408, 0.006634058601009386, 0.13065521496549992, -0.0011176402455948845, 0.547]
iteration = 145 , objective = 0.100880329309, inputs = [0.7066415440505617, 0.09518777097746232, 0.12069743424627094, 0.2278402875860644, 0.11034803666185904, 1.0000000149011612], constraints = [-0.0016230505184284994, 0.027284636937082093, 1.0000000000065512e-05, -0.005622721775180253, 2.2675436983252584, 0.2854371815592458, 0.11456281844084515, 0.01634165300015944, 0.006634058552747381, 0.13065521150592985, -0.0011176402455948845, 0.547]
iteration = 146 , objective = 0.100880329296, inputs = [0.7066415440505617, 0.09518777097746232, 0.12069743424627094, 0.2278402875860644, 0.11034803666185904, 1.0], constraints = [-0.0016230506859792513, 0.02728463693648485, 1.0000000000065512e-05, -0.005622722467044241, 2.267543697418816, 0.28543717001934965, 0.1145628299807413, 0.016341652836110044, 0.006634058549318637, 0.13065521126015484, -0.0011176402455948845, 0.5469999999999964]
iteration = 147 , objective = 0.100880329409, inputs = [0.7066415589517229, 0.09518777097746232, 0.12069743424627094, 0.2278402875860644, 0.11034803666185904, 1.0], constraints = [-0.001623058664452401, 0.027284635450871196, 1.0000000000065512e-05, -0.005622471360873078, 2.2675436062718544, 0.28543637965185553, 0.11456362034823542, 0.016341641253883665, 0.006634058383488163, 0.13065540524477456, -0.00111734231742048, 0.5470000000000036]
iteration = 148 , objective = 0.100880326347, inputs = [0.7066415440505617, 0.09518778587862352, 0.12069743424627094, 0.2278402875860644, 0.11034803666185904, 1.0], constraints = [-0.0016228442988394818, 0.02728461993819288, 1.0000000000065512e-05, -0.005623160771240237, 2.2675432174921806, 0.2854483329087998, 0.11455166709129116, 0.016341806461501917, 0.006634073672062507, 0.13065503389139393, -0.0011183774845594599, 0.547]
iteration = 149 , objective = 0.10088033199, inputs = [0.7066415440505617, 0.09518777097746232, 0.12069744914743213, 0.2278402875860644, 0.11034803666185904, 1.0], constraints = [-0.0016232393022219186, 0.027284639268064376, 1.0000000000065512e-05, -0.0056218781666621, 2.267543913573296, 0.28542634275368073, 0.11457365724641022, 0.01634150513749013, 0.006634054486241332, 0.13065571588683725, -0.0011164774016178853, 0.547]
iteration = 150 , objective = 0.100880328136, inputs = [0.7066415440505617, 0.09518777097746232, 0.12069743424627094, 0.2278403024872256, 0.11034803666185904, 1.0], constraints = [-0.0016229695194888336, 0.027284636474600305, 1.0000000000065512e-05, -0.005622820360711103, 2.2675436679282064, 0.28544194336268447, 0.11455805663740648, 0.016341718127848636, 0.006634058979383836, 0.13065515120872762, -0.0011176402455948845, 0.547]
iteration = 151 , objective = 0.100880337052, inputs = [0.7066415440505617, 0.09518777097746232, 0.12069743424627094, 0.2278402875860644, 0.11034805156302023, 1.0], constraints = [-0.001623593654814613, 0.027284637370621687, 1.0000000000065512e-05, -0.005622724115335131, 2.2675436952593264, 0.28528813356570026, 0.11471186643439069, 0.01634165248191195, 0.0066340585411503936, 0.1306552106746176, -0.0011176402455948845, 0.5469999999999964]
iteration = 152 , objective = 0.100880329312, inputs = [0.7066415440505617, 0.09518777097746232, 0.12069743424627094, 0.2278402875860644, 0.11034803666185904, 1.0000000149011612], constraints = [-0.001623050711063115, 0.027284636936327274, 1.0000000000065512e-05, -0.005622722633293051, 2.267543697201003, 0.2854371708842791, 0.11456282911581184, 0.01634165284767768, 0.006634058548494803, 0.1306552112010968, -0.0011176402455948845, 0.5469999999999964]
iteration = 153 , objective = 0.100880329295, inputs = [0.7066415440505617, 0.09518777097746232, 0.12069743424627094, 0.2278402875860644, 0.11034803666185904, 1.0], constraints = [-0.0016230506771607906, 0.02728463693640907, 1.0000000000065512e-05, -0.005622722528009945, 2.267543697338948, 0.285437171436115, 0.11456282856397593, 0.016341652870180922, 0.006634058549016601, 0.13065521123849522, -0.0011176402455948845, 0.5470000000000036]
iteration = 154 , objective = 0.10088032941, inputs = [0.7066415589517229, 0.09518777097746232, 0.12069743424627094, 0.2278402875860644, 0.11034803666185904, 1.0], constraints = [-0.0016230586691308418, 0.027284635450880182, 1.0000000000065512e-05, -0.0056224713652022725, 2.2675436062661793, 0.28543637606298944, 0.11456362393710151, 0.016341641204320113, 0.006634058383466798, 0.1306554052432398, -0.00111734231742048, 0.5470000000000036]
iteration = 155 , objective = 0.100880326347, inputs = [0.7066415440505617, 0.09518778587862352, 0.12069743424627094, 0.2278402875860644, 0.11034803666185904, 1.0], constraints = [-0.0016228442960928078, 0.02728461993819281, 1.0000000000065512e-05, -0.005623160771554012, 2.26754321749177, 0.2854483328785591, 0.11455166712153186, 0.016341806460980733, 0.006634073672061112, 0.13065503389128025, -0.0011183774845594599, 0.5470000000000036]
iteration = 156 , objective = 0.100880331991, inputs = [0.7066415440505617, 0.09518777097746232, 0.12069744914743213, 0.2278402875860644, 0.11034803666185904, 1.0], constraints = [-0.0016232393493846758, 0.027284639268084707, 1.0000000000065512e-05, -0.00562187816668029, 2.2675439135732667, 0.28542634040309167, 0.11457365959699928, 0.016341505092919918, 0.006634054486241249, 0.13065571588682814, -0.0011164774016178853, 0.547]
iteration = 157 , objective = 0.100880328136, inputs = [0.7066415440505617, 0.09518777097746232, 0.12069743424627094, 0.2278403024872256, 0.11034803666185904, 1.0], constraints = [-0.0016229695194888336, 0.027284636474600305, 1.0000000000065512e-05, -0.005622820360711103, 2.2675436679282064, 0.28544194336268447, 0.11455805663740648, 0.016341718127848636, 0.006634058979383836, 0.13065515120872762, -0.0011176402455948845, 0.547]
iteration = 158 , objective = 0.100880337052, inputs = [0.7066415440505617, 0.09518777097746232, 0.12069743424627094, 0.2278402875860644, 0.11034805156302023, 1.0], constraints = [-0.001623593654814613, 0.027284637370621687, 1.0000000000065512e-05, -0.005622724115335131, 2.2675436952593264, 0.28528813356570026, 0.11471186643439069, 0.01634165248191195, 0.0066340585411503936, 0.1306552106746176, -0.0011176402455948845, 0.5469999999999964]
iteration = 159 , objective = 0.100880329312, inputs = [0.7066415440505617, 0.09518777097746232, 0.12069743424627094, 0.2278402875860644, 0.11034803666185904, 1.0000000149011612], constraints = [-0.001623050711063115, 0.027284636936327274, 1.0000000000065512e-05, -0.005622722633293051, 2.267543697201003, 0.2854371708842791, 0.11456282911581184, 0.01634165284767768, 0.006634058548494803, 0.1306552112010968, -0.0011176402455948845, 0.5469999999999964]
iteration = 160 , objective = 0.100880018979, inputs = [0.7064383613206411, 0.09515774660399895, 0.12074477755770574, 0.22802176974520466, 0.11034922902223887, 1.0], constraints = [-0.0016013285075932799, 0.02734092047245016, 1.0000000000065512e-05, -0.0067461892296319095, 2.269988588876331, 0.2843033290694166, 0.11569667093067437, 0.016498474020104226, 0.00659781753686059, 0.12921275456753847, -1.0061838202091167e-06, 0.547]
iteration = 161 , objective = 0.10087984818, inputs = [0.7066212257775696, 0.09518476854011598, 0.12070216857741442, 0.22785843580197843, 0.11034815589789702, 1.0], constraints = [-0.0015893726250724284, 0.027290377616431445, 1.0000000000065512e-05, -0.00560223835004308, 2.2679619426791433, 0.2876057502542153, 0.11239424974587564, 0.01638971636125035, 0.006631092609251557, 0.13055822424607869, -0.0010058861165489362, 0.5469999999999964]
iteration = 162 , objective = 0.100880249218, inputs = [0.7066395122232625, 0.09518747073372769, 0.12069790767938529, 0.2278421024076558, 0.11034804858546284, 1.0], constraints = [-0.0016174452691520855, 0.027285219105300754, 1.0000000000065512e-05, -0.0056112494730905385, 2.2675978670205694, 0.28581611425784104, 0.11418388574224991, 0.016348759212773345, 0.0066338086594971354, 0.13064886122230063, -0.0011064639254600478, 0.5470000000000036]
iteration = 163 , objective = 0.100880319017, inputs = [0.7066413408678316, 0.09518774095308886, 0.12069748158958238, 0.22784046906822353, 0.11034803785421941, 1.0], constraints = [-0.001622331163052877, 0.027284695729663522, 1.0000000000065512e-05, -0.005620905771929756, 2.267549991360582, 0.28548658211343536, 0.11451341788665559, 0.016342526909899034, 0.0066340368776381595, 0.13065481405807078, -0.0011165226045086456, 0.547]
iteration = 164 , objective = 0.100880328106, inputs = [0.7066415237322887, 0.09518776797502498, 0.12069743898060209, 0.2278403057342803, 0.11034803678109509, 1.0], constraints = [-0.0016229674248934315, 0.027284642856682237, 1.0000000000065512e-05, -0.0056224932871077726, 2.2675443890583193, 0.28544293390405073, 0.11455706609604022, 0.01634175192660976, 0.006634056617597528, 0.13065518841754512, -0.0011175284813907639, 0.547]
iteration = 165 , objective = 0.100880329165, inputs = [0.7066415420187344, 0.09518777067721858, 0.12069743471970405, 0.227840289400886, 0.11034803667378265, 1.0], constraints = [-0.0016230415526297293, 0.027284637531363322, 1.0000000000065512e-05, -0.005622696218047167, 2.2675437709468897, 0.2854378064762386, 0.11456219352385233, 0.016341663595954615, 0.006634058372654267, 0.1306552101592024, -0.0011176290691746545, 0.547]
