Output file with compressibility drag breakdown

  VEHICLE TAG : cruise

  REFERENCE AREA ................  72.7 m2 
  MAIN WING SWEEP ...............  22.4 deg
  MAIN WING THICKNESS RATIO .....  0.11    
 
 TOTAL COMPRESSIBILITY DRAG 
  CL   |  M=0.450 | M=0.500 | M=0.550 | M=0.600 | M=0.650 | M=0.700 | M=0.750 | M=0.800 | M=0.850 | M=0.900 | M=0.950 | 
 0.300 |  0.00000 | 0.00000 | 0.00001 | 0.00005 | 0.00015 | 0.00044 | 0.00120 | 0.00308 | 0.00748 | 0.01727 | 0.03811 | 
 0.350 |  0.00000 | 0.00000 | 0.00002 | 0.00006 | 0.00018 | 0.00053 | 0.00146 | 0.00375 | 0.00912 | 0.02106 | 0.04647 | 
 0.400 |  0.00000 | 0.00000 | 0.00002 | 0.00007 | 0.00022 | 0.00064 | 0.00177 | 0.00455 | 0.01106 | 0.02555 | 0.05638 | 
 0.450 |  0.00000 | 0.00001 | 0.00002 | 0.00008 | 0.00026 | 0.00078 | 0.00213 | 0.00549 | 0.01334 | 0.03080 | 0.06798 | 
 0.500 |  0.00000 | 0.00001 | 0.00003 | 0.00010 | 0.00031 | 0.00093 | 0.00255 | 0.00657 | 0.01597 | 0.03687 | 0.08136 | 
 0.550 |  0.00000 | 0.00001 | 0.00003 | 0.00012 | 0.00037 | 0.00110 | 0.00303 | 0.00780 | 0.01894 | 0.04374 | 0.09654 | 
 0.600 |  0.00000 | 0.00001 | 0.00004 | 0.00014 | 0.00044 | 0.00130 | 0.00356 | 0.00917 | 0.02227 | 0.05142 | 0.11348 | 
 0.650 |  0.00000 | 0.00001 | 0.00004 | 0.00016 | 0.00051 | 0.00151 | 0.00415 | 0.01066 | 0.02591 | 0.05982 | 0.13203 | 
 0.700 |  0.00000 | 0.00001 | 0.00005 | 0.00018 | 0.00059 | 0.00174 | 0.00477 | 0.01227 | 0.02982 | 0.06885 | 0.15195 | 
 0.750 |  0.00000 | 0.00001 | 0.00006 | 0.00021 | 0.00067 | 0.00198 | 0.00543 | 0.01396 | 0.03392 | 0.07833 | 0.17287 | 
 0.800 |  0.00000 | 0.00002 | 0.00007 | 0.00023 | 0.00075 | 0.00222 | 0.00610 | 0.01570 | 0.03813 | 0.08805 | 0.19432 | 
-----------------------------------------------------------------------------------------------------------------------
 HORIZONTAL_STABILIZER  ( t/c: 0.110 )
  CL   |  M=0.450 | M=0.500 | M=0.550 | M=0.600 | M=0.650 | M=0.700 | M=0.750 | M=0.800 | M=0.850 | M=0.900 | M=0.950 | 
 0.300 |  0.00000 | 0.00000 | 0.00000 | 0.00000 | 0.00001 | 0.00003 | 0.00008 | 0.00021 | 0.00052 | 0.00120 | 0.00264 | 
 0.350 |  0.00000 | 0.00000 | 0.00000 | 0.00000 | 0.00001 | 0.00003 | 0.00008 | 0.00021 | 0.00052 | 0.00120 | 0.00264 | 
 0.400 |  0.00000 | 0.00000 | 0.00000 | 0.00000 | 0.00001 | 0.00003 | 0.00008 | 0.00021 | 0.00052 | 0.00120 | 0.00264 | 
 0.450 |  0.00000 | 0.00000 | 0.00000 | 0.00000 | 0.00001 | 0.00003 | 0.00008 | 0.00021 | 0.00052 | 0.00120 | 0.00264 | 
 0.500 |  0.00000 | 0.00000 | 0.00000 | 0.00000 | 0.00001 | 0.00003 | 0.00008 | 0.00021 | 0.00052 | 0.00120 | 0.00264 | 
 0.550 |  0.00000 | 0.00000 | 0.00000 | 0.00000 | 0.00001 | 0.00003 | 0.00008 | 0.00021 | 0.00052 | 0.00120 | 0.00264 | 
 0.600 |  0.00000 | 0.00000 | 0.00000 | 0.00000 | 0.00001 | 0.00003 | 0.00008 | 0.00021 | 0.00052 | 0.00120 | 0.00264 | 
 0.650 |  0.00000 | 0.00000 | 0.00000 | 0.00000 | 0.00001 | 0.00003 | 0.00008 | 0.00021 | 0.00052 | 0.00120 | 0.00264 | 
 0.700 |  0.00000 | 0.00000 | 0.00000 | 0.00000 | 0.00001 | 0.00003 | 0.00008 | 0.00021 | 0.00052 | 0.00120 | 0.00264 | 
 0.750 |  0.00000 | 0.00000 | 0.00000 | 0.00000 | 0.00001 | 0.00003 | 0.00008 | 0.00021 | 0.00052 | 0.00120 | 0.00264 | 
 0.800 |  0.00000 | 0.00000 | 0.00000 | 0.00000 | 0.00001 | 0.00003 | 0.00008 | 0.00021 | 0.00052 | 0.00120 | 0.00264 | 
-----------------------------------------------------------------------------------------------------------------------
 MAIN_WING  ( t/c: 0.113 )
  CL   |  M=0.450 | M=0.500 | M=0.550 | M=0.600 | M=0.650 | M=0.700 | M=0.750 | M=0.800 | M=0.850 | M=0.900 | M=0.950 | 
 0.300 |  0.00000 | 0.00000 | 0.00001 | 0.00004 | 0.00013 | 0.00039 | 0.00107 | 0.00275 | 0.00667 | 0.01541 | 0.03401 | 
 0.350 |  0.00000 | 0.00000 | 0.00001 | 0.00005 | 0.00016 | 0.00048 | 0.00133 | 0.00342 | 0.00831 | 0.01920 | 0.04237 | 
 0.400 |  0.00000 | 0.00000 | 0.00002 | 0.00006 | 0.00020 | 0.00060 | 0.00164 | 0.00422 | 0.01026 | 0.02369 | 0.05228 | 
 0.450 |  0.00000 | 0.00001 | 0.00002 | 0.00008 | 0.00025 | 0.00073 | 0.00201 | 0.00516 | 0.01254 | 0.02895 | 0.06388 | 
 0.500 |  0.00000 | 0.00001 | 0.00003 | 0.00009 | 0.00030 | 0.00088 | 0.00243 | 0.00624 | 0.01516 | 0.03501 | 0.07726 | 
 0.550 |  0.00000 | 0.00001 | 0.00003 | 0.00011 | 0.00036 | 0.00106 | 0.00290 | 0.00747 | 0.01814 | 0.04189 | 0.09244 | 
 0.600 |  0.00000 | 0.00001 | 0.00004 | 0.00013 | 0.00042 | 0.00125 | 0.00343 | 0.00884 | 0.02146 | 0.04956 | 0.10938 | 
 0.650 |  0.00000 | 0.00001 | 0.00004 | 0.00015 | 0.00049 | 0.00146 | 0.00402 | 0.01033 | 0.02510 | 0.05797 | 0.12793 | 
 0.700 |  0.00000 | 0.00001 | 0.00005 | 0.00018 | 0.00057 | 0.00169 | 0.00464 | 0.01194 | 0.02901 | 0.06699 | 0.14784 | 
 0.750 |  0.00000 | 0.00001 | 0.00006 | 0.00020 | 0.00065 | 0.00193 | 0.00530 | 0.01363 | 0.03312 | 0.07647 | 0.16877 | 
 0.800 |  0.00000 | 0.00002 | 0.00006 | 0.00023 | 0.00073 | 0.00218 | 0.00597 | 0.01537 | 0.03733 | 0.08619 | 0.19022 | 
-----------------------------------------------------------------------------------------------------------------------
 VERTICAL_STABILIZER  ( t/c: 0.120 )
  CL   |  M=0.450 | M=0.500 | M=0.550 | M=0.600 | M=0.650 | M=0.700 | M=0.750 | M=0.800 | M=0.850 | M=0.900 | M=0.950 | 
 0.300 |  0.00000 | 0.00000 | 0.00000 | 0.00000 | 0.00001 | 0.00002 | 0.00005 | 0.00012 | 0.00029 | 0.00066 | 0.00146 | 
 0.350 |  0.00000 | 0.00000 | 0.00000 | 0.00000 | 0.00001 | 0.00002 | 0.00005 | 0.00012 | 0.00029 | 0.00066 | 0.00146 | 
 0.400 |  0.00000 | 0.00000 | 0.00000 | 0.00000 | 0.00001 | 0.00002 | 0.00005 | 0.00012 | 0.00029 | 0.00066 | 0.00146 | 
 0.450 |  0.00000 | 0.00000 | 0.00000 | 0.00000 | 0.00001 | 0.00002 | 0.00005 | 0.00012 | 0.00029 | 0.00066 | 0.00146 | 
 0.500 |  0.00000 | 0.00000 | 0.00000 | 0.00000 | 0.00001 | 0.00002 | 0.00005 | 0.00012 | 0.00029 | 0.00066 | 0.00146 | 
 0.550 |  0.00000 | 0.00000 | 0.00000 | 0.00000 | 0.00001 | 0.00002 | 0.00005 | 0.00012 | 0.00029 | 0.00066 | 0.00146 | 
 0.600 |  0.00000 | 0.00000 | 0.00000 | 0.00000 | 0.00001 | 0.00002 | 0.00005 | 0.00012 | 0.00029 | 0.00066 | 0.00146 | 
 0.650 |  0.00000 | 0.00000 | 0.00000 | 0.00000 | 0.00001 | 0.00002 | 0.00005 | 0.00012 | 0.00029 | 0.00066 | 0.00146 | 
 0.700 |  0.00000 | 0.00000 | 0.00000 | 0.00000 | 0.00001 | 0.00002 | 0.00005 | 0.00012 | 0.00029 | 0.00066 | 0.00146 | 
 0.750 |  0.00000 | 0.00000 | 0.00000 | 0.00000 | 0.00001 | 0.00002 | 0.00005 | 0.00012 | 0.00029 | 0.00066 | 0.00146 | 
 0.800 |  0.00000 | 0.00000 | 0.00000 | 0.00000 | 0.00001 | 0.00002 | 0.00005 | 0.00012 | 0.00029 | 0.00066 | 0.00146 | 
-----------------------------------------------------------------------------------------------------------------------

 Sunday, 23. September 2018 01:04:16 AM