 Pareto results 
Pareto Frontier. Run number: 0 
[6675.96916664] 
[[0.04604953]] 
[[1519.98254781]] 
38188.74046957596 
[3.84030833e-01 9.08522948e-03 1.00000000e-05 1.74521884e-04
 1.21525953e+00 4.01788345e-01 1.78834507e-03 2.54633795e-01
 1.60495330e-02 2.99701299e-01 1.63521461e+00 5.47000000e-01] 
[0.75217466 0.106      0.13612845 0.34822315 0.1120275  1.        ] 

 
Pareto Frontier. Run number: 1 
[6677.31621053] 
[[0.04603312]] 
[[1519.62650963]] 
38114.44765006278 
[3.82683789e-01 9.75112708e-03 1.00000000e-05 3.73490371e-03
 1.28955235e+00 3.99906926e-01 9.30736046e-05 2.58138469e-01
 1.60331232e-02 2.82836565e-01 1.73211774e+00 5.47000000e-01] 
[0.74751609 0.106      0.13860736 0.35       0.11205014 0.75      ] 

 
Pareto Frontier. Run number: 2 
[6676.77535657] 
[[0.04604152]] 
[[1519.9454247]] 
38161.750548754884 
[3.83224643e-01 9.32802585e-03 1.00000000e-05 5.45753042e-04
 1.24224945e+00 2.68517504e-01 1.31482496e-01 2.56002787e-01
 1.60415235e-02 2.92980466e-01 1.66385769e+00 5.47000000e-01] 
[0.7504204  0.106      0.13696    0.34877519 0.11204966 0.5       ] 

 
Pareto Frontier. Run number: 3 
[6676.76103843] 
[[0.04604152]] 
[[1519.9449023]] 
38161.735983473554 
[3.83238962e-01 9.32811900e-03 1.00000000e-05 5.50976966e-04
 1.24226402e+00 2.73319553e-01 1.26680447e-01 2.56002441e-01
 1.60415216e-02 2.92980572e-01 1.66384601e+00 5.47000000e-01] 
[0.7504197  0.106      0.13696005 0.34877419 0.11204918 0.25      ] 

 
Pareto Frontier. Run number: 4 
[6676.74535347] 
[[0.04604152]] 
[[1519.94467707]] 
38161.73048814283 
[3.83254647e-01 9.32813640e-03 1.00000000e-05 5.53229328e-04
 1.24226951e+00 2.78160887e-01 1.21839113e-01 2.56002279e-01
 1.60415204e-02 2.92980803e-01 1.66384176e+00 5.47000000e-01] 
[0.75041944 0.106      0.13696007 0.34877379 0.11204869 0.        ] 

 
Total run time: 4173.83500004