Output file with compressibility drag breakdown

  VEHICLE TAG : cruise

  REFERENCE AREA ................  71.3 m2 
  MAIN WING SWEEP ...............  26.9 deg
  MAIN WING THICKNESS RATIO .....  0.14    
 
 TOTAL COMPRESSIBILITY DRAG 
  CL   |  M=0.450 | M=0.500 | M=0.550 | M=0.600 | M=0.650 | M=0.700 | M=0.750 | M=0.800 | M=0.850 | M=0.900 | M=0.950 | 
 0.300 |  0.00000 | 0.00000 | 0.00001 | 0.00005 | 0.00017 | 0.00050 | 0.00137 | 0.00351 | 0.00853 | 0.01971 | 0.04349 | 
 0.350 |  0.00000 | 0.00000 | 0.00002 | 0.00006 | 0.00021 | 0.00061 | 0.00167 | 0.00429 | 0.01042 | 0.02407 | 0.05312 | 
 0.400 |  0.00000 | 0.00001 | 0.00002 | 0.00008 | 0.00025 | 0.00074 | 0.00202 | 0.00520 | 0.01263 | 0.02916 | 0.06436 | 
 0.450 |  0.00000 | 0.00001 | 0.00003 | 0.00009 | 0.00030 | 0.00088 | 0.00243 | 0.00624 | 0.01516 | 0.03500 | 0.07725 | 
 0.500 |  0.00000 | 0.00001 | 0.00003 | 0.00011 | 0.00035 | 0.00105 | 0.00288 | 0.00741 | 0.01800 | 0.04155 | 0.09171 | 
 0.550 |  0.00000 | 0.00001 | 0.00004 | 0.00013 | 0.00042 | 0.00123 | 0.00338 | 0.00869 | 0.02111 | 0.04875 | 0.10759 | 
 0.600 |  0.00000 | 0.00001 | 0.00004 | 0.00015 | 0.00048 | 0.00142 | 0.00391 | 0.01006 | 0.02445 | 0.05646 | 0.12460 | 
 0.650 |  0.00000 | 0.00001 | 0.00005 | 0.00017 | 0.00055 | 0.00163 | 0.00447 | 0.01150 | 0.02793 | 0.06450 | 0.14234 | 
 0.700 |  0.00000 | 0.00001 | 0.00005 | 0.00019 | 0.00062 | 0.00183 | 0.00503 | 0.01295 | 0.03146 | 0.07264 | 0.16030 | 
 0.750 |  0.00000 | 0.00001 | 0.00006 | 0.00021 | 0.00069 | 0.00203 | 0.00558 | 0.01437 | 0.03490 | 0.08059 | 0.17785 | 
 0.800 |  0.00000 | 0.00002 | 0.00007 | 0.00023 | 0.00075 | 0.00222 | 0.00610 | 0.01569 | 0.03813 | 0.08804 | 0.19429 | 
-----------------------------------------------------------------------------------------------------------------------
 HORIZONTAL_STABILIZER  ( t/c: 0.110 )
  CL   |  M=0.450 | M=0.500 | M=0.550 | M=0.600 | M=0.650 | M=0.700 | M=0.750 | M=0.800 | M=0.850 | M=0.900 | M=0.950 | 
 0.300 |  0.00000 | 0.00000 | 0.00000 | 0.00000 | 0.00001 | 0.00003 | 0.00008 | 0.00021 | 0.00052 | 0.00120 | 0.00264 | 
 0.350 |  0.00000 | 0.00000 | 0.00000 | 0.00000 | 0.00001 | 0.00003 | 0.00008 | 0.00021 | 0.00052 | 0.00120 | 0.00264 | 
 0.400 |  0.00000 | 0.00000 | 0.00000 | 0.00000 | 0.00001 | 0.00003 | 0.00008 | 0.00021 | 0.00052 | 0.00120 | 0.00264 | 
 0.450 |  0.00000 | 0.00000 | 0.00000 | 0.00000 | 0.00001 | 0.00003 | 0.00008 | 0.00021 | 0.00052 | 0.00120 | 0.00264 | 
 0.500 |  0.00000 | 0.00000 | 0.00000 | 0.00000 | 0.00001 | 0.00003 | 0.00008 | 0.00021 | 0.00052 | 0.00120 | 0.00264 | 
 0.550 |  0.00000 | 0.00000 | 0.00000 | 0.00000 | 0.00001 | 0.00003 | 0.00008 | 0.00021 | 0.00052 | 0.00120 | 0.00264 | 
 0.600 |  0.00000 | 0.00000 | 0.00000 | 0.00000 | 0.00001 | 0.00003 | 0.00008 | 0.00021 | 0.00052 | 0.00120 | 0.00264 | 
 0.650 |  0.00000 | 0.00000 | 0.00000 | 0.00000 | 0.00001 | 0.00003 | 0.00008 | 0.00021 | 0.00052 | 0.00120 | 0.00264 | 
 0.700 |  0.00000 | 0.00000 | 0.00000 | 0.00000 | 0.00001 | 0.00003 | 0.00008 | 0.00021 | 0.00052 | 0.00120 | 0.00264 | 
 0.750 |  0.00000 | 0.00000 | 0.00000 | 0.00000 | 0.00001 | 0.00003 | 0.00008 | 0.00021 | 0.00052 | 0.00120 | 0.00264 | 
 0.800 |  0.00000 | 0.00000 | 0.00000 | 0.00000 | 0.00001 | 0.00003 | 0.00008 | 0.00021 | 0.00052 | 0.00120 | 0.00264 | 
-----------------------------------------------------------------------------------------------------------------------
 MAIN_WING  ( t/c: 0.142 )
  CL   |  M=0.450 | M=0.500 | M=0.550 | M=0.600 | M=0.650 | M=0.700 | M=0.750 | M=0.800 | M=0.850 | M=0.900 | M=0.950 | 
 0.300 |  0.00000 | 0.00000 | 0.00001 | 0.00005 | 0.00015 | 0.00045 | 0.00124 | 0.00318 | 0.00773 | 0.01785 | 0.03939 | 
 0.350 |  0.00000 | 0.00000 | 0.00002 | 0.00006 | 0.00019 | 0.00056 | 0.00154 | 0.00396 | 0.00962 | 0.02221 | 0.04902 | 
 0.400 |  0.00000 | 0.00000 | 0.00002 | 0.00007 | 0.00023 | 0.00069 | 0.00189 | 0.00487 | 0.01182 | 0.02731 | 0.06026 | 
 0.450 |  0.00000 | 0.00001 | 0.00002 | 0.00009 | 0.00028 | 0.00084 | 0.00230 | 0.00591 | 0.01435 | 0.03314 | 0.07314 | 
 0.500 |  0.00000 | 0.00001 | 0.00003 | 0.00010 | 0.00034 | 0.00100 | 0.00275 | 0.00708 | 0.01719 | 0.03970 | 0.08761 | 
 0.550 |  0.00000 | 0.00001 | 0.00003 | 0.00012 | 0.00040 | 0.00118 | 0.00325 | 0.00836 | 0.02031 | 0.04689 | 0.10348 | 
 0.600 |  0.00000 | 0.00001 | 0.00004 | 0.00014 | 0.00047 | 0.00138 | 0.00378 | 0.00973 | 0.02365 | 0.05460 | 0.12050 | 
 0.650 |  0.00000 | 0.00001 | 0.00005 | 0.00017 | 0.00053 | 0.00158 | 0.00434 | 0.01117 | 0.02713 | 0.06264 | 0.13824 | 
 0.700 |  0.00000 | 0.00001 | 0.00005 | 0.00019 | 0.00060 | 0.00179 | 0.00490 | 0.01262 | 0.03065 | 0.07078 | 0.15620 | 
 0.750 |  0.00000 | 0.00001 | 0.00006 | 0.00021 | 0.00067 | 0.00199 | 0.00546 | 0.01403 | 0.03409 | 0.07873 | 0.17374 | 
 0.800 |  0.00000 | 0.00002 | 0.00006 | 0.00023 | 0.00073 | 0.00217 | 0.00597 | 0.01536 | 0.03732 | 0.08618 | 0.19019 | 
-----------------------------------------------------------------------------------------------------------------------
 VERTICAL_STABILIZER  ( t/c: 0.120 )
  CL   |  M=0.450 | M=0.500 | M=0.550 | M=0.600 | M=0.650 | M=0.700 | M=0.750 | M=0.800 | M=0.850 | M=0.900 | M=0.950 | 
 0.300 |  0.00000 | 0.00000 | 0.00000 | 0.00000 | 0.00001 | 0.00002 | 0.00005 | 0.00012 | 0.00029 | 0.00066 | 0.00146 | 
 0.350 |  0.00000 | 0.00000 | 0.00000 | 0.00000 | 0.00001 | 0.00002 | 0.00005 | 0.00012 | 0.00029 | 0.00066 | 0.00146 | 
 0.400 |  0.00000 | 0.00000 | 0.00000 | 0.00000 | 0.00001 | 0.00002 | 0.00005 | 0.00012 | 0.00029 | 0.00066 | 0.00146 | 
 0.450 |  0.00000 | 0.00000 | 0.00000 | 0.00000 | 0.00001 | 0.00002 | 0.00005 | 0.00012 | 0.00029 | 0.00066 | 0.00146 | 
 0.500 |  0.00000 | 0.00000 | 0.00000 | 0.00000 | 0.00001 | 0.00002 | 0.00005 | 0.00012 | 0.00029 | 0.00066 | 0.00146 | 
 0.550 |  0.00000 | 0.00000 | 0.00000 | 0.00000 | 0.00001 | 0.00002 | 0.00005 | 0.00012 | 0.00029 | 0.00066 | 0.00146 | 
 0.600 |  0.00000 | 0.00000 | 0.00000 | 0.00000 | 0.00001 | 0.00002 | 0.00005 | 0.00012 | 0.00029 | 0.00066 | 0.00146 | 
 0.650 |  0.00000 | 0.00000 | 0.00000 | 0.00000 | 0.00001 | 0.00002 | 0.00005 | 0.00012 | 0.00029 | 0.00066 | 0.00146 | 
 0.700 |  0.00000 | 0.00000 | 0.00000 | 0.00000 | 0.00001 | 0.00002 | 0.00005 | 0.00012 | 0.00029 | 0.00066 | 0.00146 | 
 0.750 |  0.00000 | 0.00000 | 0.00000 | 0.00000 | 0.00001 | 0.00002 | 0.00005 | 0.00012 | 0.00029 | 0.00066 | 0.00146 | 
 0.800 |  0.00000 | 0.00000 | 0.00000 | 0.00000 | 0.00001 | 0.00002 | 0.00005 | 0.00012 | 0.00029 | 0.00066 | 0.00146 | 
-----------------------------------------------------------------------------------------------------------------------

 Wednesday, 26. September 2018 11:42:51 AM