 Pareto results 
Pareto Frontier. Run number: 0 
[7034.18672255] 
[[0.03401012]] 
[[1428.72898836]] 
37124.35774306783 
[2.58132775e-02 2.68209019e-02 1.00000000e-05 9.12710116e-01
 2.27964226e+00 3.95851139e-01 4.14886065e-03 3.66585503e-02
 4.01012167e-03 7.39416613e-01 3.08547609e+00 4.30118098e-01] 
[0.7370619  0.09458134 0.14995255 0.3        0.11049476 0.5       ] 

 
Pareto Frontier. Run number: 1 
[7026.22285225] 
[[0.03134931]] 
[[1502.90487104]] 
37166.257225718364 
[3.37771477e-02 3.24928286e-02 1.00000000e-05 1.70951290e-01
 2.23774277e+00 4.00968823e-01 9.68822625e-04 5.16732309e-02
 1.34931260e-03 1.88041066e-01 4.81036123e-01 7.91082445e-05] 
[0.72150539 0.08847264 0.11855847 0.25633228 0.11053148 0.25      ] 

 
Pareto Frontier. Run number: 2 
[7059.92189732] 
[[0.03679684]] 
[[1460.27230692]] 
37065.599037883454 
[7.81026786e-05 2.55462318e-02 1.00000000e-05 5.97276931e-01
 2.33840096e+00 4.05453613e-01 5.45361316e-03 1.86012397e-02
 6.79683547e-03 5.09978265e-01 1.67205811e+00 5.47000000e-01] 
[0.71347727 0.09781461 0.14202037 0.26927196 0.11035069 0.        ] 

 
Total run time: 6988.06900001