 Pareto results 
Pareto Frontier. Run number: 0 
[7087.34364935] 
[[0.03244761]] 
[[1519.83667017]] 
36772.287370156424 
[2.02845996e+00 3.35957546e-02 1.00000000e-05 1.63329827e-03
 2.48351624e+00 4.18520929e-01 1.85209294e-02 6.89168548e-03
 2.44761361e-03 3.13939541e-02 4.39318548e-01 2.76798791e-01] 
[0.67947787 0.09283203 0.13232432 0.25213355 0.11025417 1.        ] 

 
Pareto Frontier. Run number: 1 
[7064.77687831] 
[[0.037034]] 
[[1519.71072746]] 
37120.60655105914 
[2.05102673e+00 2.69715942e-02 1.00000000e-05 2.89272541e-03
 2.13519705e+00 4.07226790e-01 7.22678970e-03 1.35942325e-02
 7.03399737e-03 1.31396382e-01 3.46328309e-03 5.47000000e-01] 
[0.70432631 0.09582633 0.1217584  0.22748944 0.1103141  0.75      ] 

 
Pareto Frontier. Run number: 2 
[7077.63417932] 
[[0.03110498]] 
[[1519.79255169]] 
36808.35623362195 
[2.03816943e+00 3.44176089e-02 1.00000000e-05 2.07448306e-03
 2.44744737e+00 3.13365366e-01 8.66346337e-02 1.56716747e-02
 1.10497530e-03 4.34890753e-02 3.91373304e-01 3.98568935e-03] 
[0.68539018 0.09114183 0.12879194 0.25179438 0.11033307 0.5       ] 

 
Pareto Frontier. Run number: 3 
Pareto Frontier. Run number: 4 
[7095.52033333] 
[[0.03161423]] 
[[1519.96265632]] 
36727.201473710375 
[2.02028327e+00 3.46043284e-02 1.00000000e-05 3.73436759e-04
 2.52860213e+00 4.00682218e-01 6.82217551e-04 1.11895125e-05
 1.61423205e-03 1.81030814e-02 4.94304215e-01 1.17690227e-01] 
[0.67687723 0.09220283 0.13337559 0.25419414 0.11020492 0.        ] 

 
Total run time: 1328.27699995