iteration = 1 , objective = 0.711288828551, inputs = [0.7272, 0.086, 0.11, 0.23, 0.1109, 1.0], constraints = [2.002915320486742, 0.03448325797283816, 1.0000000000065512e-05, 0.015982578823402493, 2.056433632573497, -5.568567502791893, 5.968567502791984, 0.02078019708518255, 0.0009851785768340907, 0.06668342959358825, 0.007953424378201816, 0.0005602031805319711, 0.37199369973426505, 20735.369973426503]
iteration = 2 , objective = 0.706687209126, inputs = [0.67324859, 0.09350923, 0.14054031, 0.270971, 0.1104203, 1.0], constraints = [2.0489315147448997, 0.03379802150889907, 1.0000000000065512e-05, 0.05621556386857037, 2.493190397035354, 4.366943131066137, -3.9669431310660457, 0.08601327550460809, 0.0035765892662893498, -0.011397134323751744, 0.8703467450164571, 0.48950681395538775, 0.3676261320896464, 20298.613208964645]
iteration = 3 , objective = 0.707084062676, inputs = [0.6732486049011612, 0.09350923, 0.14054031, 0.270971, 0.1104203, 1.0], constraints = [2.0449629792412543, 0.03393337592773182, 1.0000000000065512e-05, -0.003342550989550546, 2.551733552115258, 0.339872304710525, 0.06012769528956596, 0.029008512712550782, 0.0027936156183167374, 0.004864385422977193, 0.8703470866542666, 0.2930262251540953, 0.36704070053884746, 20240.07005388474]
iteration = 4 , objective = 0.707008852685, inputs = [0.67324859, 0.09350924490116119, 0.14054031, 0.270971, 0.1104203, 1.0], constraints = [2.0457150791527074, 0.033936021381408575, 1.0000000000065512e-05, 0.00028235945761025507, 2.5556967423120276, 0.3945352290095343, 0.005464770990556644, 0.029783129871738367, 0.0028089277007627145, 0.0059649407328788585, 0.8703459251075693, 0.2969930659372112, 0.3670010686368797, 20236.10686368797]
iteration = 5 , objective = 0.707003804967, inputs = [0.67324859, 0.09350923, 0.1405403249011612, 0.270971, 0.1104203, 1.0], constraints = [2.0457655563338433, 0.03393621949305628, 1.0000000000065512e-05, 7.434038625206085e-05, 2.5559657071441015, 0.3982094092298212, 0.0017905907702697732, 0.029835207807521514, 0.002809944628312522, 0.006039867047156804, 0.8703478360779172, 0.29725795258718424, 0.36699837898855897, 20235.837898855898]
iteration = 6 , objective = 0.707003431545, inputs = [0.67324859, 0.09350923, 0.14054031, 0.2709710149011612, 0.1104203, 1.0], constraints = [2.0457692905466045, 0.033936229039794756, 1.0000000000065512e-05, 6.079377384594409e-05, 2.5559836851266864, 0.3984769490207327, 0.0015230509793582314, 0.029838990538132038, 0.0028100167874990575, 0.0060446338931069475, 0.8703467450164571, 0.29727636094159243, 0.3669981992087331, 20235.819920873313]
iteration = 7 , objective = 0.707003471706, inputs = [0.67324859, 0.09350923, 0.14054031, 0.270971, 0.11042031490116119, 1.0], constraints = [2.045768888935918, 0.0339362308880082, 1.0000000000065512e-05, 5.973087250822573e-05, 2.5559849499509566, 0.3983391676736119, 0.001660832326479067, 0.029839152505783773, 0.0028100209559571293, 0.00604504569889059, 0.8703467450164571, 0.2972775573563777, 0.36699818656049044, 20235.818656049043]
iteration = 8 , objective = 0.707003412949, inputs = [0.67324859, 0.09350923, 0.14054031, 0.270971, 0.1104203, 1.0000000149011612], constraints = [2.04576944514338, 0.033936230498052125, 1.0000000000065512e-05, 5.9664737764251183e-05, 2.555985035596639, 0.39848936450334804, 0.001510635496742907, 0.029839169299716417, 0.0028100212864899596, 0.006045069488327499, 0.8703467450164571, 0.29727764300206033, 0.3669981857040336, 20235.81857040336]
iteration = 9 , objective = 0.707003415976, inputs = [0.67324859, 0.09350923, 0.14054031, 0.270971, 0.1104203, 1.0], constraints = [2.0457694462413256, 0.03393623050194818, 1.0000000000065512e-05, 5.966025953057397e-05, 2.555985041396014, 0.3984894444586189, 0.0015105555414720584, 0.02983917043297595, 0.0028100213088715284, 0.00604507109919723, 0.8703467450164571, 0.29727764880143515, 0.36699818564603987, 20235.818564603986]
iteration = 10 , objective = 0.707003416296, inputs = [0.6732486049011612, 0.09350923, 0.14054031, 0.270971, 0.1104203, 1.0], constraints = [2.0457694430374778, 0.03393622914083691, 1.0000000000065512e-05, 5.9391893646534296e-05, 2.5559849525136653, 0.39848894898682374, 0.0015110510132672061, 0.02983916295816087, 0.0028100211410202747, 0.0060452790827275745, 0.8703470866542666, 0.2972776255525023, 0.3669981865348633, 20235.818653486334]
iteration = 11 , objective = 0.707003392848, inputs = [0.67324859, 0.09350924490116119, 0.14054031, 0.270971, 0.1104203, 1.0], constraints = [2.045769677520044, 0.03393621469073671, 1.0000000000065512e-05, 6.006451922075939e-05, 2.5559846166038787, 0.39850250133804366, 0.0014974986620472919, 0.029839350477181982, 0.0028100386867637786, 0.006044902369903866, 0.8703459251075693, 0.29728094022906226, 0.36699818989396127, 20235.81898939612]
iteration = 12 , objective = 0.707003435265, inputs = [0.67324859, 0.09350923, 0.1405403249011612, 0.270971, 0.1104203, 1.0], constraints = [2.0457692533475074, 0.033936232583179654, 1.0000000000065512e-05, 5.92881064244466e-05, 2.5559852001074197, 0.3984780393618621, 0.0015219606382288475, 0.02983901459572813, 0.002810019857575931, 0.006045281525866812, 0.8703478360779172, 0.2972774455505023, 0.3669981840589258, 20235.81840589258]
iteration = 13 , objective = 0.707003406512, inputs = [0.67324859, 0.09350923, 0.14054031, 0.2709710149011612, 0.1104203, 1.0], constraints = [2.0457695408756464, 0.03393622992618203, 1.0000000000065512e-05, 5.977453156219781e-05, 2.5559850050635307, 0.3984951388999889, 0.0015048611001020618, 0.029839248309067302, 0.0028100218815385256, 0.00604500052643516, 0.8703467450164571, 0.29727768087843653, 0.36699818600936474, 20235.81860093647]
iteration = 14 , objective = 0.707003470012, inputs = [0.67324859, 0.09350923, 0.14054031, 0.270971, 0.11042031490116119, 1.0], constraints = [2.0457689058759843, 0.03393623094803741, 1.0000000000065512e-05, 5.966185604393104e-05, 2.555985039328507, 0.398340398221535, 0.0016596017785559525, 0.02983916994370439, 0.002810021300892508, 0.00604507052491499, 0.8703467450164571, 0.29727764673392815, 0.36699818566671494, 20235.818566671493]
iteration = 15 , objective = 0.707003412836, inputs = [0.67324859, 0.09350923, 0.14054031, 0.270971, 0.1104203, 1.0000000149011612], constraints = [2.0457694462693055, 0.03393623050213431, 1.0000000000065512e-05, 5.966006440075944e-05, 2.5559850416487078, 0.3984894451668879, 0.0015105548332030594, 0.02983917043630413, 0.002810021309846894, 0.00604507116938521, 0.8703467450164571, 0.2972776490541291, 0.36699818564351294, 20235.81856435129]
iteration = 16 , objective = 0.707003415969, inputs = [0.67324859, 0.09350923, 0.14054031, 0.270971, 0.1104203, 1.0], constraints = [2.045769446313645, 0.03393623050222789, 1.0000000000065512e-05, 5.965994307871369e-05, 2.5559850418058176, 0.3984894486061421, 0.0015105513939488446, 0.029839170492178723, 0.002810021310453159, 0.006045071213025039, 0.8703467450164571, 0.2972776492112389, 0.3669981856419418, 20235.81856419418]
iteration = 17 , objective = 0.707003416299, inputs = [0.6732486049011612, 0.09350923, 0.14054031, 0.270971, 0.1104203, 1.0], constraints = [2.045769443012361, 0.03393622914088079, 1.0000000000065512e-05, 5.939187221883913e-05, 2.555984952541419, 0.39848894419492353, 0.0015110558051674161, 0.029839162891097715, 0.002810021141127196, 0.006045279090433269, 0.8703470866542666, 0.29727762558025644, 0.3669981865345858, 20235.81865345858]
iteration = 18 , objective = 0.707003392848, inputs = [0.67324859, 0.09350924490116119, 0.14054031, 0.270971, 0.1104203, 1.0], constraints = [2.0457696775228524, 0.03393621469073604, 1.0000000000065512e-05, 6.006451777693655e-05, 2.5559846166057523, 0.3985025024951483, 0.0014974975049426575, 0.02983935049207247, 0.002810038686770988, 0.006044902370422278, 0.8703459251075693, 0.2972809402309358, 0.36699818989394245, 20235.818989394247]
iteration = 19 , objective = 0.707003435267, inputs = [0.67324859, 0.09350923, 0.1405403249011612, 0.270971, 0.1104203, 1.0], constraints = [2.0457692533251595, 0.03393623258319835, 1.0000000000065512e-05, 5.928810632212844e-05, 2.5559852001075507, 0.3984780351720474, 0.001521964828043565, 0.02983901453654205, 0.002810019857576486, 0.006045281525903192, 0.8703478360779172, 0.2972774455506333, 0.36699818405892454, 20235.81840589245]
iteration = 20 , objective = 0.707003406514, inputs = [0.67324859, 0.09350923, 0.14054031, 0.2709710149011612, 0.1104203, 1.0], constraints = [2.045769540863608, 0.03393622992619203, 1.0000000000065512e-05, 5.977453154855539e-05, 2.5559850050635413, 0.39849513502986156, 0.0015048649702293915, 0.02983924825487847, 0.002810021881538581, 0.006045000526439708, 0.8703467450164571, 0.2972776808784474, 0.36699818600936457, 20235.818600936458]
iteration = 21 , objective = 0.707003470012, inputs = [0.67324859, 0.09350923, 0.14054031, 0.270971, 0.11042031490116119, 1.0], constraints = [2.0457689058759843, 0.03393623094803741, 1.0000000000065512e-05, 5.966185604393104e-05, 2.555985039328507, 0.398340398221535, 0.0016596017785559525, 0.02983916994370439, 0.002810021300892508, 0.00604507052491499, 0.8703467450164571, 0.29727764673392815, 0.36699818566671494, 20235.818566671493]
iteration = 22 , objective = 0.707003412836, inputs = [0.67324859, 0.09350923, 0.14054031, 0.270971, 0.1104203, 1.0000000149011612], constraints = [2.0457694462693055, 0.03393623050213431, 1.0000000000065512e-05, 5.966006440075944e-05, 2.5559850416487078, 0.3984894451668879, 0.0015105548332030594, 0.02983917043630413, 0.002810021309846894, 0.00604507116938521, 0.8703467450164571, 0.2972776490541291, 0.36699818564351294, 20235.81856435129]
iteration = 23 , objective = 0.759626428003, inputs = [0.67324859, 0.09350923, 0.14054031, 0.270971, 0.1104203, 0.75], constraints = [2.045769446313645, 0.03393623050222789, 1.0000000000065512e-05, 5.965994307871369e-05, 2.5559850418058176, 0.3984894486061421, 0.0015105513939488446, 0.029839170492178723, 0.002810021310453159, 0.006045071213025039, 0.8703467450164571, 0.2972776492112389, 0.3669981856419418, 20235.81856419418]
iteration = 24 , objective = 0.759626428808, inputs = [0.6732486049011612, 0.09350923, 0.14054031, 0.270971, 0.1104203, 0.75], constraints = [2.045769443012361, 0.03393622914088079, 1.0000000000065512e-05, 5.939187221883913e-05, 2.555984952541419, 0.39848894419492353, 0.0015110558051674161, 0.029839162891097715, 0.002810021141127196, 0.006045279090433269, 0.8703470866542666, 0.29727762558025644, 0.3669981865345858, 20235.81865345858]
iteration = 25 , objective = 0.75962641332, inputs = [0.67324859, 0.09350924490116119, 0.14054031, 0.270971, 0.1104203, 0.75], constraints = [2.0457696775228524, 0.03393621469073604, 1.0000000000065512e-05, 6.006451777693655e-05, 2.5559846166057523, 0.3985025024951483, 0.0014974975049426575, 0.02983935049207247, 0.002810038686770988, 0.006044902370422278, 0.8703459251075693, 0.2972809402309358, 0.36699818989394245, 20235.818989394247]
iteration = 26 , objective = 0.759626441487, inputs = [0.67324859, 0.09350923, 0.1405403249011612, 0.270971, 0.1104203, 0.75], constraints = [2.0457692533251595, 0.03393623258319835, 1.0000000000065512e-05, 5.928810632212844e-05, 2.5559852001075507, 0.3984780351720474, 0.001521964828043565, 0.02983901453654205, 0.002810019857576486, 0.006045281525903192, 0.8703478360779172, 0.2972774455506333, 0.36699818405892454, 20235.81840589245]
iteration = 27 , objective = 0.759626421141, inputs = [0.67324859, 0.09350923, 0.14054031, 0.2709710149011612, 0.1104203, 0.75], constraints = [2.045769540863608, 0.03393622992619203, 1.0000000000065512e-05, 5.977453154855539e-05, 2.5559850050635413, 0.39849513502986156, 0.0015048649702293915, 0.02983924825487847, 0.002810021881538581, 0.006045000526439708, 0.8703467450164571, 0.2972776808784474, 0.36699818600936457, 20235.818600936458]
iteration = 28 , objective = 0.759626468551, inputs = [0.67324859, 0.09350923, 0.14054031, 0.270971, 0.11042031490116119, 0.75], constraints = [2.0457689058759843, 0.03393623094803741, 1.0000000000065512e-05, 5.966185604393104e-05, 2.555985039328507, 0.398340398221535, 0.0016596017785559525, 0.02983916994370439, 0.002810021300892508, 0.00604507052491499, 0.8703467450164571, 0.29727764673392815, 0.36699818566671494, 20235.818566671493]
iteration = 29 , objective = 0.75962642487, inputs = [0.67324859, 0.09350923, 0.14054031, 0.270971, 0.1104203, 0.7500000149011612], constraints = [2.0457694462693055, 0.03393623050213431, 1.0000000000065512e-05, 5.966006440075944e-05, 2.5559850416487078, 0.3984894451668879, 0.0015105548332030594, 0.02983917043630413, 0.002810021309846894, 0.00604507116938521, 0.8703467450164571, 0.2972776490541291, 0.36699818564351294, 20235.81856435129]
iteration = 30 , objective = 0.759626428003, inputs = [0.67324859, 0.09350923, 0.14054031, 0.270971, 0.1104203, 0.75], constraints = [2.045769446313645, 0.03393623050222789, 1.0000000000065512e-05, 5.965994307871369e-05, 2.5559850418058176, 0.3984894486061421, 0.0015105513939488446, 0.029839170492178723, 0.002810021310453159, 0.006045071213025039, 0.8703467450164571, 0.2972776492112389, 0.3669981856419418, 20235.81856419418]
iteration = 31 , objective = 0.759626428808, inputs = [0.6732486049011612, 0.09350923, 0.14054031, 0.270971, 0.1104203, 0.75], constraints = [2.045769443012361, 0.03393622914088079, 1.0000000000065512e-05, 5.939187221883913e-05, 2.555984952541419, 0.39848894419492353, 0.0015110558051674161, 0.029839162891097715, 0.002810021141127196, 0.006045279090433269, 0.8703470866542666, 0.29727762558025644, 0.3669981865345858, 20235.81865345858]
iteration = 32 , objective = 0.75962641332, inputs = [0.67324859, 0.09350924490116119, 0.14054031, 0.270971, 0.1104203, 0.75], constraints = [2.0457696775228524, 0.03393621469073604, 1.0000000000065512e-05, 6.006451777693655e-05, 2.5559846166057523, 0.3985025024951483, 0.0014974975049426575, 0.02983935049207247, 0.002810038686770988, 0.006044902370422278, 0.8703459251075693, 0.2972809402309358, 0.36699818989394245, 20235.818989394247]
iteration = 33 , objective = 0.759626441487, inputs = [0.67324859, 0.09350923, 0.1405403249011612, 0.270971, 0.1104203, 0.75], constraints = [2.0457692533251595, 0.03393623258319835, 1.0000000000065512e-05, 5.928810632212844e-05, 2.5559852001075507, 0.3984780351720474, 0.001521964828043565, 0.02983901453654205, 0.002810019857576486, 0.006045281525903192, 0.8703478360779172, 0.2972774455506333, 0.36699818405892454, 20235.81840589245]
iteration = 34 , objective = 0.759626421141, inputs = [0.67324859, 0.09350923, 0.14054031, 0.2709710149011612, 0.1104203, 0.75], constraints = [2.045769540863608, 0.03393622992619203, 1.0000000000065512e-05, 5.977453154855539e-05, 2.5559850050635413, 0.39849513502986156, 0.0015048649702293915, 0.02983924825487847, 0.002810021881538581, 0.006045000526439708, 0.8703467450164571, 0.2972776808784474, 0.36699818600936457, 20235.818600936458]
iteration = 35 , objective = 0.759626468551, inputs = [0.67324859, 0.09350923, 0.14054031, 0.270971, 0.11042031490116119, 0.75], constraints = [2.0457689058759843, 0.03393623094803741, 1.0000000000065512e-05, 5.966185604393104e-05, 2.555985039328507, 0.398340398221535, 0.0016596017785559525, 0.02983916994370439, 0.002810021300892508, 0.00604507052491499, 0.8703467450164571, 0.29727764673392815, 0.36699818566671494, 20235.818566671493]
iteration = 36 , objective = 0.75962642487, inputs = [0.67324859, 0.09350923, 0.14054031, 0.270971, 0.1104203, 0.7500000149011612], constraints = [2.0457694462693055, 0.03393623050213431, 1.0000000000065512e-05, 5.966006440075944e-05, 2.5559850416487078, 0.3984894451668879, 0.0015105548332030594, 0.02983917043630413, 0.002810021309846894, 0.00604507116938521, 0.8703467450164571, 0.2972776490541291, 0.36699818564351294, 20235.81856435129]
iteration = 37 , objective = 0.759626428003, inputs = [0.67324859, 0.09350923, 0.14054031, 0.270971, 0.1104203, 0.75], constraints = [2.045769446313645, 0.03393623050222789, 1.0000000000065512e-05, 5.965994307871369e-05, 2.5559850418058176, 0.3984894486061421, 0.0015105513939488446, 0.029839170492178723, 0.002810021310453159, 0.006045071213025039, 0.8703467450164571, 0.2972776492112389, 0.3669981856419418, 20235.81856419418]
iteration = 38 , objective = 0.759626428808, inputs = [0.6732486049011612, 0.09350923, 0.14054031, 0.270971, 0.1104203, 0.75], constraints = [2.045769443012361, 0.03393622914088079, 1.0000000000065512e-05, 5.939187221883913e-05, 2.555984952541419, 0.39848894419492353, 0.0015110558051674161, 0.029839162891097715, 0.002810021141127196, 0.006045279090433269, 0.8703470866542666, 0.29727762558025644, 0.3669981865345858, 20235.81865345858]
iteration = 39 , objective = 0.75962641332, inputs = [0.67324859, 0.09350924490116119, 0.14054031, 0.270971, 0.1104203, 0.75], constraints = [2.0457696775228524, 0.03393621469073604, 1.0000000000065512e-05, 6.006451777693655e-05, 2.5559846166057523, 0.3985025024951483, 0.0014974975049426575, 0.02983935049207247, 0.002810038686770988, 0.006044902370422278, 0.8703459251075693, 0.2972809402309358, 0.36699818989394245, 20235.818989394247]
iteration = 40 , objective = 0.759626441487, inputs = [0.67324859, 0.09350923, 0.1405403249011612, 0.270971, 0.1104203, 0.75], constraints = [2.0457692533251595, 0.03393623258319835, 1.0000000000065512e-05, 5.928810632212844e-05, 2.5559852001075507, 0.3984780351720474, 0.001521964828043565, 0.02983901453654205, 0.002810019857576486, 0.006045281525903192, 0.8703478360779172, 0.2972774455506333, 0.36699818405892454, 20235.81840589245]
iteration = 41 , objective = 0.759626421141, inputs = [0.67324859, 0.09350923, 0.14054031, 0.2709710149011612, 0.1104203, 0.75], constraints = [2.045769540863608, 0.03393622992619203, 1.0000000000065512e-05, 5.977453154855539e-05, 2.5559850050635413, 0.39849513502986156, 0.0015048649702293915, 0.02983924825487847, 0.002810021881538581, 0.006045000526439708, 0.8703467450164571, 0.2972776808784474, 0.36699818600936457, 20235.818600936458]
iteration = 42 , objective = 0.759626468551, inputs = [0.67324859, 0.09350923, 0.14054031, 0.270971, 0.11042031490116119, 0.75], constraints = [2.0457689058759843, 0.03393623094803741, 1.0000000000065512e-05, 5.966185604393104e-05, 2.555985039328507, 0.398340398221535, 0.0016596017785559525, 0.02983916994370439, 0.002810021300892508, 0.00604507052491499, 0.8703467450164571, 0.29727764673392815, 0.36699818566671494, 20235.818566671493]
iteration = 43 , objective = 0.75962642487, inputs = [0.67324859, 0.09350923, 0.14054031, 0.270971, 0.1104203, 0.7500000149011612], constraints = [2.0457694462693055, 0.03393623050213431, 1.0000000000065512e-05, 5.966006440075944e-05, 2.5559850416487078, 0.3984894451668879, 0.0015105548332030594, 0.02983917043630413, 0.002810021309846894, 0.00604507116938521, 0.8703467450164571, 0.2972776490541291, 0.36699818564351294, 20235.81856435129]
iteration = 44 , objective = 0.750497897804, inputs = [0.7725098816073702, 0.10599999999999632, 0.10695898083119015, 0.34999999999999865, 0.11676468332417231, 0.75], constraints = [2.3543246368182826, 0.0031513314304920216, 1.0000000000065512e-05, -1.7315642282934596, 0.3138875875293397, -49.1580056476414, 49.558005647641494, 0.21900504834389486, 0.0188871374760423, -0.5353378501106636, -0.3790607280290806, 0.5469999999999964, 0.38941916018470657, 22477.91601847066]
iteration = 45 , objective = 0.749441965196, inputs = [0.7181906241578657, 0.09916461290815669, 0.12533586103372116, 0.3067525615729726, 0.11329281442579832, 0.75], constraints = [2.2679410156631583, 0.01953907875964484, 1.0000000000065512e-05, -0.4002692880020868, 1.5194402586797313, -15.567304511612747, 15.967304511612838, 0.21074824900676425, 0.011477921343641319, -0.06828684872594977, 0.398604093635111, 0.5469999999999964, 0.3773636334732026, 21272.363347320268]
iteration = 46 , objective = 0.747813698257, inputs = [0.7181906390590269, 0.09916461290815669, 0.12533586103372116, 0.3067525615729726, 0.11329281442579832, 0.75], constraints = [2.282044358896304, 0.019619503673265412, 1.0000000000065512e-05, -0.3295049435158762, 1.6107228501923183, -14.759489562048657, 15.159489562048748, 0.22239999729660448, 0.011816059501451807, -0.04344809848282239, 0.39860439921262514, 0.5469999999999964, 0.37645080755807675, 21181.08075580768]
iteration = 47 , objective = 0.747690158559, inputs = [0.7181906241578657, 0.09916462780931788, 0.12533586103372116, 0.3067525615729726, 0.11329281442579832, 0.75], constraints = [2.2831135411733503, 0.019625669303103947, 1.0000000000065512e-05, -0.3241382760653914, 1.6176590145052996, -14.698485568766955, 15.098485568767046, 0.22328012689529012, 0.011841835660078223, -0.04156099444852998, 0.39860335592948287, 0.5469999999999964, 0.376381445914947, 21174.1445914947]
iteration = 48 , objective = 0.747680785255, inputs = [0.7181906241578657, 0.09916461290815669, 0.12533587593488235, 0.3067525615729726, 0.11329281442579832, 0.75], constraints = [2.2831945136127563, 0.019626157769292746, 1.0000000000065512e-05, -0.32372903550329285, 1.6181870737967128, -14.693860257408915, 15.093860257409005, 0.22334686677821053, 0.011843779093950256, -0.04141685340980303, 0.39860526096743526, 0.5470000000000036, 0.3763761653220329, 21173.616532203287]
iteration = 49 , objective = 0.74768006242, inputs = [0.7181906241578657, 0.09916461290815669, 0.12533586103372116, 0.3067525764741338, 0.11329281442579832, 0.75], constraints = [2.283200836730861, 0.01962619086658733, 1.0000000000065512e-05, -0.3236989883587171, 1.6182268499576513, -14.693502830387615, 15.093502830387706, 0.22335201910063668, 0.011843931164828063, -0.04140650613330308, 0.398604093635111, 0.547, 0.37637576756042346, 21173.57675604235]
iteration = 50 , objective = 0.747680050469, inputs = [0.7181906241578657, 0.09916461290815669, 0.12533586103372116, 0.3067525615729726, 0.11329282932695951, 0.75], constraints = [2.2832007378373254, 0.01962619469814398, 1.0000000000065512e-05, -0.32369648733865913, 1.618229948856102, -14.693627089952088, 15.093627089952179, 0.2233523777713849, 0.011843942063326458, -0.04140559185730581, 0.398604093635111, 0.547, 0.37637573657143897, 21173.573657143897]
iteration = 51 , objective = 0.747680003904, inputs = [0.7181906241578657, 0.09916461290815669, 0.12533586103372116, 0.3067525615729726, 0.11329281442579832, 0.7500000149011612], constraints = [2.283201287889069, 0.019626194366594928, 1.0000000000065512e-05, -0.32369630509700525, 1.618230184413327, -14.693476011618031, 15.093476011618122, 0.22335240756712516, 0.011843942938406876, -0.041405527760796305, 0.398604093635111, 0.5469999999999964, 0.3763757342158667, 21173.573421586672]
iteration = 52 , objective = 0.747680007421, inputs = [0.7181906241578657, 0.09916461290815669, 0.12533586103372116, 0.3067525615729726, 0.11329281442579832, 0.75], constraints = [2.2832012906998296, 0.01962619438250833, 1.0000000000065512e-05, -0.32369629124423227, 1.6182302023187896, -14.693475850722734, 15.093475850722825, 0.2233524099084704, 0.011843943004924626, -0.041405522888614994, 0.398604093635111, 0.5469999999999964, 0.37637573403681207, 21173.57340368121]
iteration = 53 , objective = 0.7476800087, inputs = [0.7181906390590269, 0.09916461290815669, 0.12533586103372116, 0.3067525615729726, 0.11329281442579832, 0.75], constraints = [2.2832012814442404, 0.019626192926624215, 1.0000000000065512e-05, -0.3236960390063882, 1.6182301087427713, -14.69347664156021, 15.0934766415603, 0.22335239833004472, 0.011843942843640862, -0.041405329234369216, 0.39860439921262514, 0.5469999999999964, 0.37637573497257226, 21173.573497257228]
iteration = 54 , objective = 0.74767999778, inputs = [0.7181906241578657, 0.09916462780931788, 0.12533586103372116, 0.3067525615729726, 0.11329281442579832, 0.75], constraints = [2.2832014649817194, 0.019626178164044356, 1.0000000000065512e-05, -0.32369678978093136, 1.6182296533544487, -14.69347006074031, 15.093470060740401, 0.2233524894125754, 0.011843955515032478, -0.04140572025415395, 0.39860335592948287, 0.547, 0.37637573952645553, 21173.57395264555]
iteration = 1 , objective = 0.711288828551, inputs = [0.7272, 0.086, 0.11, 0.23, 0.1109, 1.0], constraints = [2.002915320486742, 0.03448325797283816, 1.0000000000065512e-05, 0.015982578823402493, 2.056433632573497, -5.568567502791893, 5.968567502791984, 0.02078019708518255, 0.0009851785768340907, 0.06668342959358825, 0.007953424378201816, 0.0005602031805319711]
iteration = 2 , objective = 0.706687209126, inputs = [0.67324859, 0.09350923, 0.14054031, 0.270971, 0.1104203, 1.0], constraints = [2.0489315147448997, 0.03379802150889907, 1.0000000000065512e-05, 0.05621556386857037, 2.493190397035354, 4.366943131066137, -3.9669431310660457, 0.08601327550460809, 0.0035765892662893498, -0.011397134323751744, 0.8703467450164571, 0.48950681395538775]
iteration = 3 , objective = 0.707084062676, inputs = [0.6732486049011612, 0.09350923, 0.14054031, 0.270971, 0.1104203, 1.0], constraints = [2.0449629792412543, 0.03393337592773182, 1.0000000000065512e-05, -0.003342550989550546, 2.551733552115258, 0.339872304710525, 0.06012769528956596, 0.029008512712550782, 0.0027936156183167374, 0.004864385422977193, 0.8703470866542666, 0.2930262251540953]
iteration = 4 , objective = 0.707008852685, inputs = [0.67324859, 0.09350924490116119, 0.14054031, 0.270971, 0.1104203, 1.0], constraints = [2.0457150791527074, 0.033936021381408575, 1.0000000000065512e-05, 0.00028235945761025507, 2.5556967423120276, 0.3945352290095343, 0.005464770990556644, 0.029783129871738367, 0.0028089277007627145, 0.0059649407328788585, 0.8703459251075693, 0.2969930659372112]
iteration = 5 , objective = 0.707003804967, inputs = [0.67324859, 0.09350923, 0.1405403249011612, 0.270971, 0.1104203, 1.0], constraints = [2.0457655563338433, 0.03393621949305628, 1.0000000000065512e-05, 7.434038625206085e-05, 2.5559657071441015, 0.3982094092298212, 0.0017905907702697732, 0.029835207807521514, 0.002809944628312522, 0.006039867047156804, 0.8703478360779172, 0.29725795258718424]
iteration = 6 , objective = 0.707003431545, inputs = [0.67324859, 0.09350923, 0.14054031, 0.2709710149011612, 0.1104203, 1.0], constraints = [2.0457692905466045, 0.033936229039794756, 1.0000000000065512e-05, 6.079377384594409e-05, 2.5559836851266864, 0.3984769490207327, 0.0015230509793582314, 0.029838990538132038, 0.0028100167874990575, 0.0060446338931069475, 0.8703467450164571, 0.29727636094159243]
iteration = 7 , objective = 0.707003471706, inputs = [0.67324859, 0.09350923, 0.14054031, 0.270971, 0.11042031490116119, 1.0], constraints = [2.045768888935918, 0.0339362308880082, 1.0000000000065512e-05, 5.973087250822573e-05, 2.5559849499509566, 0.3983391676736119, 0.001660832326479067, 0.029839152505783773, 0.0028100209559571293, 0.00604504569889059, 0.8703467450164571, 0.2972775573563777]
iteration = 8 , objective = 0.707003412949, inputs = [0.67324859, 0.09350923, 0.14054031, 0.270971, 0.1104203, 1.0000000149011612], constraints = [2.04576944514338, 0.033936230498052125, 1.0000000000065512e-05, 5.9664737764251183e-05, 2.555985035596639, 0.39848936450334804, 0.001510635496742907, 0.029839169299716417, 0.0028100212864899596, 0.006045069488327499, 0.8703467450164571, 0.29727764300206033]
iteration = 9 , objective = 0.707003415976, inputs = [0.67324859, 0.09350923, 0.14054031, 0.270971, 0.1104203, 1.0], constraints = [2.0457694462413256, 0.03393623050194818, 1.0000000000065512e-05, 5.966025953057397e-05, 2.555985041396014, 0.3984894444586189, 0.0015105555414720584, 0.02983917043297595, 0.0028100213088715284, 0.00604507109919723, 0.8703467450164571, 0.29727764880143515]
iteration = 10 , objective = 0.707003416296, inputs = [0.6732486049011612, 0.09350923, 0.14054031, 0.270971, 0.1104203, 1.0], constraints = [2.0457694430374778, 0.03393622914083691, 1.0000000000065512e-05, 5.9391893646534296e-05, 2.5559849525136653, 0.39848894898682374, 0.0015110510132672061, 0.02983916295816087, 0.0028100211410202747, 0.0060452790827275745, 0.8703470866542666, 0.2972776255525023]
iteration = 11 , objective = 0.707003392848, inputs = [0.67324859, 0.09350924490116119, 0.14054031, 0.270971, 0.1104203, 1.0], constraints = [2.045769677520044, 0.03393621469073671, 1.0000000000065512e-05, 6.006451922075939e-05, 2.5559846166038787, 0.39850250133804366, 0.0014974986620472919, 0.029839350477181982, 0.0028100386867637786, 0.006044902369903866, 0.8703459251075693, 0.29728094022906226]
iteration = 12 , objective = 0.707003435265, inputs = [0.67324859, 0.09350923, 0.1405403249011612, 0.270971, 0.1104203, 1.0], constraints = [2.0457692533475074, 0.033936232583179654, 1.0000000000065512e-05, 5.92881064244466e-05, 2.5559852001074197, 0.3984780393618621, 0.0015219606382288475, 0.02983901459572813, 0.002810019857575931, 0.006045281525866812, 0.8703478360779172, 0.2972774455505023]
iteration = 13 , objective = 0.707003406512, inputs = [0.67324859, 0.09350923, 0.14054031, 0.2709710149011612, 0.1104203, 1.0], constraints = [2.0457695408756464, 0.03393622992618203, 1.0000000000065512e-05, 5.977453156219781e-05, 2.5559850050635307, 0.3984951388999889, 0.0015048611001020618, 0.029839248309067302, 0.0028100218815385256, 0.00604500052643516, 0.8703467450164571, 0.29727768087843653]
iteration = 14 , objective = 0.707003470012, inputs = [0.67324859, 0.09350923, 0.14054031, 0.270971, 0.11042031490116119, 1.0], constraints = [2.0457689058759843, 0.03393623094803741, 1.0000000000065512e-05, 5.966185604393104e-05, 2.555985039328507, 0.398340398221535, 0.0016596017785559525, 0.02983916994370439, 0.002810021300892508, 0.00604507052491499, 0.8703467450164571, 0.29727764673392815]
iteration = 15 , objective = 0.707003412836, inputs = [0.67324859, 0.09350923, 0.14054031, 0.270971, 0.1104203, 1.0000000149011612], constraints = [2.0457694462693055, 0.03393623050213431, 1.0000000000065512e-05, 5.966006440075944e-05, 2.5559850416487078, 0.3984894451668879, 0.0015105548332030594, 0.02983917043630413, 0.002810021309846894, 0.00604507116938521, 0.8703467450164571, 0.2972776490541291]
iteration = 16 , objective = 0.707003415969, inputs = [0.67324859, 0.09350923, 0.14054031, 0.270971, 0.1104203, 1.0], constraints = [2.045769446313645, 0.03393623050222789, 1.0000000000065512e-05, 5.965994307871369e-05, 2.5559850418058176, 0.3984894486061421, 0.0015105513939488446, 0.029839170492178723, 0.002810021310453159, 0.006045071213025039, 0.8703467450164571, 0.2972776492112389]
iteration = 17 , objective = 0.707003416299, inputs = [0.6732486049011612, 0.09350923, 0.14054031, 0.270971, 0.1104203, 1.0], constraints = [2.045769443012361, 0.03393622914088079, 1.0000000000065512e-05, 5.939187221883913e-05, 2.555984952541419, 0.39848894419492353, 0.0015110558051674161, 0.029839162891097715, 0.002810021141127196, 0.006045279090433269, 0.8703470866542666, 0.29727762558025644]
iteration = 18 , objective = 0.707003392848, inputs = [0.67324859, 0.09350924490116119, 0.14054031, 0.270971, 0.1104203, 1.0], constraints = [2.0457696775228524, 0.03393621469073604, 1.0000000000065512e-05, 6.006451777693655e-05, 2.5559846166057523, 0.3985025024951483, 0.0014974975049426575, 0.02983935049207247, 0.002810038686770988, 0.006044902370422278, 0.8703459251075693, 0.2972809402309358]
iteration = 19 , objective = 0.707003435267, inputs = [0.67324859, 0.09350923, 0.1405403249011612, 0.270971, 0.1104203, 1.0], constraints = [2.0457692533251595, 0.03393623258319835, 1.0000000000065512e-05, 5.928810632212844e-05, 2.5559852001075507, 0.3984780351720474, 0.001521964828043565, 0.02983901453654205, 0.002810019857576486, 0.006045281525903192, 0.8703478360779172, 0.2972774455506333]
iteration = 20 , objective = 0.707003406514, inputs = [0.67324859, 0.09350923, 0.14054031, 0.2709710149011612, 0.1104203, 1.0], constraints = [2.045769540863608, 0.03393622992619203, 1.0000000000065512e-05, 5.977453154855539e-05, 2.5559850050635413, 0.39849513502986156, 0.0015048649702293915, 0.02983924825487847, 0.002810021881538581, 0.006045000526439708, 0.8703467450164571, 0.2972776808784474]
iteration = 21 , objective = 0.707003470012, inputs = [0.67324859, 0.09350923, 0.14054031, 0.270971, 0.11042031490116119, 1.0], constraints = [2.0457689058759843, 0.03393623094803741, 1.0000000000065512e-05, 5.966185604393104e-05, 2.555985039328507, 0.398340398221535, 0.0016596017785559525, 0.02983916994370439, 0.002810021300892508, 0.00604507052491499, 0.8703467450164571, 0.29727764673392815]
iteration = 22 , objective = 0.707003412836, inputs = [0.67324859, 0.09350923, 0.14054031, 0.270971, 0.1104203, 1.0000000149011612], constraints = [2.0457694462693055, 0.03393623050213431, 1.0000000000065512e-05, 5.966006440075944e-05, 2.5559850416487078, 0.3984894451668879, 0.0015105548332030594, 0.02983917043630413, 0.002810021309846894, 0.00604507116938521, 0.8703467450164571, 0.2972776490541291]
iteration = 23 , objective = 0.718278667898, inputs = [0.674159290429813, 0.09178788781844593, 0.12768638278816402, 0.23396993142349903, 0.1111621742243317, 1.0], constraints = [1.9330169270194655, 0.03518939702034022, 1.0000000000065512e-05, -0.12797893090377785, 2.538810910996146, -12.593153726379114, 12.993153726379205, -0.046710187735729394, 0.0017183271730852878, -0.06732091282156943, 0.03559462708627143, 0.19137020594272688]
iteration = 24 , objective = 0.711806608592, inputs = [0.6736157962205602, 0.09281516251514217, 0.1353574398966193, 0.2560516894299432, 0.11071943330567306, 1.0], constraints = [1.9977375200837577, 0.03447612772742165, 1.0000000000065512e-05, -0.01577810439087216, 2.5519372112051735, -4.927646165937176, 5.327646165937267, -0.002229920158942278, 0.0021086919596537967, -0.0003147481887617687, 0.5359847940514756, 0.21213593556970956]
iteration = 25 , objective = 0.709465826363, inputs = [0.6734346144711655, 0.09315761957077888, 0.13791469905955905, 0.263412966656462, 0.11057183914035258, 1.0], constraints = [2.0211453423712356, 0.03421604053924413, 1.0000000000065512e-05, -0.0013476125470538137, 2.5549187930078534, -2.302419465373532, 2.702419465373623, 0.013558562459461498, 0.002410892546364826, 0.0070528721505661454, 0.7013322438966952, 0.24699820449746768]
iteration = 26 , objective = 0.708343001736, inputs = [0.6733492504781633, 0.09331896861282418, 0.1391195547032391, 0.2668812410259901, 0.11050229997684592, 1.0], constraints = [2.0323735886364394, 0.034089255739214404, 1.0000000000065512e-05, 0.0009672681204733636, 2.5556539220554058, -1.063417950030498, 1.463417950030589, 0.021024549331189135, 0.002582743381550019, 0.007685490787587242, 0.7789849015589407, 0.2682021091769529]
iteration = 27 , objective = 0.70834205169, inputs = [0.6733492653793245, 0.09331896861282418, 0.1391195547032391, 0.2668812410259901, 0.11050229997684592, 1.0], constraints = [2.032383089097153, 0.03408928740843605, 1.0000000000065512e-05, 0.001005968119361569, 2.5557036078609836, -1.0627214706007635, 1.4627214706008544, 0.021034413108009176, 0.0025829353013199427, 0.0076995220418848475, 0.7789852401129356, 0.2682518605705518]
iteration = 28 , objective = 0.708341963547, inputs = [0.6733492504781633, 0.09331898351398538, 0.1391195547032391, 0.2668812410259901, 0.11050229997684592, 1.0], constraints = [2.0323839705315314, 0.034089275148564246, 1.0000000000065512e-05, 0.0010078972134169818, 2.555706641334511, -1.0626604412104825, 1.4626604412105735, 0.02103527293386307, 0.002582965954999031, 0.00770008121032788, 0.7789840872727255, 0.26825855009338195]
iteration = 29 , objective = 0.70834200203, inputs = [0.6733492504781633, 0.09331896861282418, 0.1391195696044003, 0.2668812410259901, 0.11050229997684592, 1.0], constraints = [2.032383585698799, 0.034089293250866064, 1.0000000000065512e-05, 0.0010088866591559053, 2.5557074557027355, -1.0626823319350933, 1.4626823319351843, 0.02103497377020531, 0.0025829476123431575, 0.007700547593635747, 0.7789859939770304, 0.2682552298062001]
iteration = 30 , objective = 0.708341972691, inputs = [0.6733492504781633, 0.09331896861282418, 0.1391195547032391, 0.2668812559271513, 0.11050229997684592, 1.0], constraints = [2.0323838790898754, 0.03408929060288586, 1.0000000000065512e-05, 0.0010083778175840052, 2.5557072752219336, -1.0626645984955303, 1.4626645984956212, 0.021035216214932716, 0.002582949985888608, 0.007700248327164445, 0.7789849015589407, 0.2682555298931948]
iteration = 31 , objective = 0.7083420367, inputs = [0.6733492504781633, 0.09331896861282418, 0.1391195547032391, 0.2668812410259901, 0.11050231487800712, 1.0], constraints = [2.0323832390014123, 0.0340892916138775, 1.0000000000065512e-05, 0.0010084894200599593, 2.5557073096400726, -1.0628194094290393, 1.4628194094291302, 0.02103513690514234, 0.002582949412227642, 0.007700317513322261, 0.7789849015589407, 0.26825549676161975]
iteration = 32 , objective = 0.708341979037, inputs = [0.6733492504781633, 0.09331896861282418, 0.1391195547032391, 0.2668812410259901, 0.11050229997684592, 1.0000000149011612], constraints = [2.0323837844593307, 0.0340892911683838, 1.0000000000065512e-05, 0.0010084912194133723, 2.5557073119705, -1.0626703651464595, 1.4626703651465505, 0.02103513738337064, 0.0025829494212209966, 0.007700318160523238, 0.7789849015589407, 0.2682554990920471]
iteration = 33 , objective = 0.708341982161, inputs = [0.6733492504781633, 0.09331896861282418, 0.1391195547032391, 0.2668812410259901, 0.11050229997684592, 1.0], constraints = [2.032383784392203, 0.034089291168568195, 1.0000000000065512e-05, 0.0010084913412515561, 2.555707312128294, -1.0626703614291273, 1.4626703614292182, 0.02103513743584671, 0.0025829494218301483, 0.007700318204347241, 0.7789849015589407, 0.2682554992498408]
iteration = 34 , objective = 0.708341982658, inputs = [0.6733492653793245, 0.09331896861282418, 0.1391195547032391, 0.2668812410259901, 0.11050229997684592, 1.0], constraints = [2.032383779420188, 0.034089289807374946, 1.0000000000065512e-05, 0.0010087593173261666, 2.555707222872288, -1.0626708578879516, 1.4626708578880425, 0.021035129945997967, 0.0025829492522086925, 0.007700525997770455, 0.7789852401129356, 0.2682554755818564]
iteration = 35 , objective = 0.708341958883, inputs = [0.6733492504781633, 0.09331898351398538, 0.1391195547032391, 0.2668812410259901, 0.11050229997684592, 1.0], constraints = [2.032384017173723, 0.034089275311076486, 1.0000000000065512e-05, 0.001008086203851235, 2.555706886104903, -1.0626570154977344, 1.4626570154978253, 0.02103532143465934, 0.00258296689960575, 0.007700149187619445, 0.7789840872727255, 0.2682587948637738]
iteration = 36 , objective = 0.708342001905, inputs = [0.6733492504781633, 0.09331896861282418, 0.1391195696044003, 0.2668812410259901, 0.11050229997684592, 1.0], constraints = [2.0323835869480518, 0.0340892932634355, 1.0000000000065512e-05, 0.0010088994555917453, 2.555707472275999, -1.0626821072398798, 1.4626821072399707, 0.02103497695389791, 0.0025829476763017806, 0.007700552196342869, 0.7789859939770304, 0.26825524637946363]
iteration = 37 , objective = 0.708341972683, inputs = [0.6733492504781633, 0.09331896861282418, 0.1391195547032391, 0.2668812559271513, 0.11050229997684592, 1.0], constraints = [2.0323838791686413, 0.03408929060374176, 1.0000000000065512e-05, 0.0010083786840255015, 2.555707276344101, -1.062664588687312, 1.462664588687403, 0.021035216357483934, 0.002582949990219144, 0.007700248638809626, 0.7789849015589407, 0.2682555310153621]
iteration = 38 , objective = 0.70834203671, inputs = [0.6733492504781633, 0.09331896861282418, 0.1391195547032391, 0.2668812410259901, 0.11050231487800712, 1.0], constraints = [2.0323832389034413, 0.03408929161402012, 1.0000000000065512e-05, 0.0010084894787041776, 2.5557073097160483, -1.0628194147575414, 1.4628194147576323, 0.021035136832060174, 0.0025829494125208102, 0.007700317534420265, 0.7789849015589407, 0.26825549683759525]
iteration = 39 , objective = 0.708341979041, inputs = [0.6733492504781633, 0.09331896861282418, 0.1391195547032391, 0.2668812410259901, 0.11050229997684592, 1.0000000149011612], constraints = [2.0323837844248973, 0.03408929116841617, 1.0000000000065512e-05, 0.0010084912233833164, 2.5557073119756444, -1.0626703699858808, 1.4626703699859718, 0.021035137315330132, 0.002582949421240842, 0.007700318161955693, 0.7789849015589407, 0.2682554990971912]
iteration = 40 , objective = 0.708341982133, inputs = [0.6733492504781633, 0.09331896861282418, 0.1391195547032391, 0.2668812410259901, 0.11050229997684592, 1.0], constraints = [2.032383784666099, 0.03408929116834409, 1.0000000000065512e-05, 0.0010084913415153096, 2.555707312128643, -1.0626703632165118, 1.4626703632166027, 0.021035137409055337, 0.002582949421831307, 0.0077003182044450115, 0.7789849015589407, 0.26825549925019004]
iteration = 41 , objective = 0.708341982485, inputs = [0.6733492653793245, 0.09331896861282418, 0.1391195547032391, 0.2668812410259901, 0.11050229997684592, 1.0], constraints = [2.032383781146096, 0.0340892898059596, 1.0000000000065512e-05, 0.001008759317339809, 2.55570722287231, -1.0626708550146304, 1.4626708550147214, 0.0210351299843893, 0.0025829492522087757, 0.007700525997775003, 0.7789852401129356, 0.2682554755818783]
iteration = 42 , objective = 0.708341958883, inputs = [0.6733492504781633, 0.09331898351398538, 0.1391195547032391, 0.2668812410259901, 0.11050229997684592, 1.0], constraints = [2.0323840171737264, 0.034089275311076486, 1.0000000000065512e-05, 0.001008086203851235, 2.5557068861049066, -1.0626570154977344, 1.4626570154978253, 0.02103532143465934, 0.00258296689960575, 0.007700149187619445, 0.7789840872727255, 0.26825879486377746]
iteration = 43 , objective = 0.708342001905, inputs = [0.6733492504781633, 0.09331896861282418, 0.1391195696044003, 0.2668812410259901, 0.11050229997684592, 1.0], constraints = [2.0323835869480518, 0.0340892932634355, 1.0000000000065512e-05, 0.0010088994555917453, 2.555707472275999, -1.0626821072398798, 1.4626821072399707, 0.02103497695389791, 0.0025829476763017806, 0.007700552196342869, 0.7789859939770304, 0.26825524637946363]
iteration = 44 , objective = 0.708341972683, inputs = [0.6733492504781633, 0.09331896861282418, 0.1391195547032391, 0.2668812559271513, 0.11050229997684592, 1.0], constraints = [2.0323838791686413, 0.03408929060374176, 1.0000000000065512e-05, 0.0010083786840255015, 2.555707276344101, -1.062664588687312, 1.462664588687403, 0.021035216357483934, 0.002582949990219144, 0.007700248638809626, 0.7789849015589407, 0.2682555310153621]
iteration = 45 , objective = 0.70834203671, inputs = [0.6733492504781633, 0.09331896861282418, 0.1391195547032391, 0.2668812410259901, 0.11050231487800712, 1.0], constraints = [2.0323832389034413, 0.03408929161402012, 1.0000000000065512e-05, 0.0010084894787041776, 2.5557073097160483, -1.0628194147575414, 1.4628194147576323, 0.021035136832060174, 0.0025829494125208102, 0.007700317534420265, 0.7789849015589407, 0.26825549683759525]
iteration = 46 , objective = 0.708341979041, inputs = [0.6733492504781633, 0.09331896861282418, 0.1391195547032391, 0.2668812410259901, 0.11050229997684592, 1.0000000149011612], constraints = [2.0323837844248973, 0.03408929116841617, 1.0000000000065512e-05, 0.0010084912233833164, 2.5557073119756444, -1.0626703699858808, 1.4626703699859718, 0.021035137315330132, 0.002582949421240842, 0.007700318161955693, 0.7789849015589407, 0.2682554990971912]
iteration = 47 , objective = 0.709937747489, inputs = [0.6698198816617879, 0.09464715696781482, 0.1426664771372515, 0.26669165133268985, 0.11019977015400886, 1.0], constraints = [2.016426131113529, 0.03348961506656459, 1.0000000000065512e-05, -0.005151443570664469, 2.5846596312362182, 0.33200439148822625, 0.0679956085118647, -0.0008802540375064894, 0.0038525480397643627, -0.005143468576561645, 0.8838224270008431, 0.5275581015647149]
iteration = 48 , objective = 0.708444958552, inputs = [0.6729963135965258, 0.09345178744832325, 0.13947424694664035, 0.26686228205666007, 0.1104720469945622, 1.0], constraints = [2.031354020478999, 0.03403188518942991, 1.0000000000065512e-05, 0.0028952187884465274, 2.5605923222381626, -0.8798981606503276, 1.2798981606504185, 0.01944945738224817, 0.0027116087592733845, 0.007612856829550765, 0.7896865871669615, 0.29497380812086704]
iteration = 49 , objective = 0.708404400841, inputs = [0.6731752196291501, 0.09338446070478014, 0.13929445110956293, 0.26687189248323195, 0.11048738243077483, 1.0], constraints = [2.031759597592163, 0.03406050759678162, 1.0000000000065512e-05, 0.001475092804819269, 2.5574812180287716, -0.9810766195328142, 1.3810766195329052, 0.02013227129270483, 0.0026437733326166585, 0.007498470126977281, 0.7842679341390576, 0.2807623354974239]
iteration = 50 , objective = 0.708373354032, inputs = [0.6732636985151501, 0.09335116392222159, 0.13920553216625672, 0.2668766453684454, 0.1104949666485483, 1.0], constraints = [2.032070065678681, 0.03407510048729957, 1.0000000000065512e-05, 0.001211655971062555, 2.5565370790599498, -1.0230571182307813, 1.4230571182308722, 0.020584206021309726, 0.002612646260123634, 0.007593630153419326, 0.7815834762042269, 0.27435348028968654]
iteration = 51 , objective = 0.708357427433, inputs = [0.673307197882323, 0.09333479403969176, 0.13916181645126116, 0.26687898205585614, 0.11049869531974393, 1.0], constraints = [2.032229331669465, 0.034082310861915016, 1.0000000000065512e-05, 0.0011077422520020263, 2.556112375187322, -1.0432149553701038, 1.4432149553701947, 0.020813243276349168, 0.002597526128964904, 0.007648130758457228, 0.7802625754559758, 0.27124819277790085]
iteration = 52 , objective = 0.708349574885, inputs = [0.6733285681801323, 0.0933267518706327, 0.13914033986644805, 0.2668801300198175, 0.11050052713521763, 1.0], constraints = [2.032307857150261, 0.034085857238661664, 1.0000000000065512e-05, 0.0010575308856437004, 2.5559063373749433, -1.053098942368706, 1.453098942368797, 0.020926043442860375, 0.00259011542576993, 0.00767484744815647, 0.7796133735617914, 0.2697267058477009]
iteration = 53 , objective = 0.708345719977, inputs = [0.6733390662633965, 0.09332280118350805, 0.13912978957006916, 0.2668806939530559, 0.11050142700809443, 1.0], constraints = [2.0323464062320546, 0.03408760006374974, 1.0000000000065512e-05, 0.0010327093943533327, 2.555805288321941, -1.0579563007058823, 1.4579563007059733, 0.020981431435917842, 0.0025864773758344575, 0.007687829171704835, 0.7792943897857185, 0.26897980017123335]
iteration = 54 , objective = 0.708343827405, inputs = [0.6733442234270476, 0.09332086041589133, 0.1391246067568235, 0.2668809709841983, 0.11050186906895201, 1.0], constraints = [2.032365331948311, 0.03408845636603742, 1.0000000000065512e-05, 0.0010204543616259799, 2.5557556571528166, -1.0603433625226444, 1.4603433625227353, 0.021008628492162985, 0.0025846906573212605, 0.0076941633267324505, 0.7791376737638911, 0.2686129783504439]
iteration = 55 , objective = 0.70834289769, inputs = [0.6733467568111113, 0.0933199070411132, 0.13912206077275743, 0.2668811070718481, 0.11050208622512692, 1.0], constraints = [2.0323746291011213, 0.034088877042731024, 1.0000000000065512e-05, 0.0010144177074221262, 2.5557312765108455, -1.0615162134058664, 1.4615162134059574, 0.02102198540153246, 0.0025838130611324575, 0.007697263882921562, 0.7790606854006237, 0.26843280282331033]
iteration = 56 , objective = 0.708342441084, inputs = [0.6733480011171303, 0.09331943877813176, 0.139120810278076, 0.26688117391314714, 0.110502192884334, 1.0], constraints = [2.0323791951573313, 0.034089083671132746, 1.0000000000065512e-05, 0.0010114484447967698, 2.555719301248495, -1.0620923444957953, 1.4620923444958862, 0.02102854484966805, 0.002583382041524855, 0.007698784004164736, 0.7790228705970985, 0.26834431174523704]
iteration = 57 , objective = 0.708342217042, inputs = [0.6733486119034735, 0.09331920892419737, 0.13912019645393472, 0.26688120672320514, 0.11050224523961162, 1.0], constraints = [2.0323814355833982, 0.034089185099842205, 1.0000000000065512e-05, 0.0010099895516759716, 2.555713422460007, -1.0623751639666352, 1.4623751639667262, 0.02103176444502992, 0.0025831704729987193, 0.007699529385931782, 0.7790043084091213, 0.2683008752121896]
iteration = 58 , objective = 0.708342225147, inputs = [0.6733486268046347, 0.09331920892419737, 0.13912019645393472, 0.26688120672320514, 0.11050224523961162, 1.0], constraints = [2.0323813545284883, 0.03408918347455, 1.0000000000065512e-05, 0.0010099501806803345, 2.5557129351440544, -1.0623812294870731, 1.462381229487164, 0.021031678051847535, 0.0025831687672022846, 0.007699626630915191, 0.7790046469640801, 0.26830045348441856]
iteration = 59 , objective = 0.70834220185, inputs = [0.6733486119034735, 0.09331922382535857, 0.13912019645393472, 0.26688120672320514, 0.11050224523961162, 1.0], constraints = [2.0323815875040037, 0.034089168960131734, 1.0000000000065512e-05, 0.0010092562580621234, 2.555712571425922, -1.0623677660778412, 1.4623677660779322, 0.021031864217743036, 0.002583186310489767, 0.007699242335879717, 0.7790034941234517, 0.26830374580716304]
iteration = 60 , objective = 0.708342244768, inputs = [0.6733486119034735, 0.09331920892419737, 0.13912021135509592, 0.26688120672320514, 0.11050224523961162, 1.0], constraints = [2.032381158324131, 0.03408918691006961, 1.0000000000065512e-05, 0.0010100680827122232, 2.555713155769425, -1.0623928846544004, 1.4623928846544914, 0.02103151933615628, 0.002583167080374711, 0.007699644826477652, 0.779005400824246, 0.26830019552680096]
iteration = 61 , objective = 0.708342215755, inputs = [0.6733486119034735, 0.09331920892419737, 0.13912019645393472, 0.26688122162436634, 0.11050224523961162, 1.0], constraints = [2.0323814484532177, 0.034089184251981874, 1.0000000000065512e-05, 0.0010095472324087495, 2.5557129597149597, -1.0623753680379195, 1.4623753680380105, 0.021031758732750917, 0.0025831693936758937, 0.00769934124543397, 0.7790043084091213, 0.2683004800167837]
iteration = 62 , objective = 0.708342279314, inputs = [0.6733486119034735, 0.09331920892419737, 0.13912019645393472, 0.26688120672320514, 0.11050226014077282, 1.0], constraints = [2.0323808128636394, 0.034089185258427565, 1.0000000000065512e-05, 0.0010096580205777173, 2.5557129930785467, -1.0625301925524582, 1.4625301925525491, 0.02103167922786575, 0.0025831688159484445, 0.007699410138679923, 0.7790043084091213, 0.2683004458307296]
