Output file with compressibility drag breakdown

  VEHICLE TAG : cruise

  REFERENCE AREA ................  67.9 m2 
  MAIN WING SWEEP ...............  25.2 deg
  MAIN WING THICKNESS RATIO .....  0.13    
 
 TOTAL COMPRESSIBILITY DRAG 
  CL   |  M=0.450 | M=0.500 | M=0.550 | M=0.600 | M=0.650 | M=0.700 | M=0.750 | M=0.800 | M=0.850 | M=0.900 | M=0.950 | 
 0.300 |  0.00000 | 0.00000 | 0.00001 | 0.00005 | 0.00016 | 0.00048 | 0.00133 | 0.00343 | 0.00832 | 0.01921 | 0.04240 | 
 0.350 |  0.00000 | 0.00000 | 0.00002 | 0.00006 | 0.00020 | 0.00059 | 0.00163 | 0.00418 | 0.01016 | 0.02346 | 0.05178 | 
 0.400 |  0.00000 | 0.00001 | 0.00002 | 0.00008 | 0.00024 | 0.00072 | 0.00197 | 0.00507 | 0.01232 | 0.02846 | 0.06280 | 
 0.450 |  0.00000 | 0.00001 | 0.00003 | 0.00009 | 0.00029 | 0.00086 | 0.00237 | 0.00610 | 0.01482 | 0.03423 | 0.07554 | 
 0.500 |  0.00000 | 0.00001 | 0.00003 | 0.00011 | 0.00035 | 0.00103 | 0.00283 | 0.00727 | 0.01766 | 0.04078 | 0.09001 | 
 0.550 |  0.00000 | 0.00001 | 0.00004 | 0.00013 | 0.00041 | 0.00121 | 0.00333 | 0.00857 | 0.02082 | 0.04808 | 0.10611 | 
 0.600 |  0.00000 | 0.00001 | 0.00004 | 0.00015 | 0.00048 | 0.00141 | 0.00388 | 0.00999 | 0.02427 | 0.05604 | 0.12367 | 
 0.650 |  0.00000 | 0.00001 | 0.00005 | 0.00017 | 0.00055 | 0.00163 | 0.00447 | 0.01150 | 0.02794 | 0.06451 | 0.14236 | 
 0.700 |  0.00000 | 0.00001 | 0.00005 | 0.00019 | 0.00063 | 0.00185 | 0.00508 | 0.01307 | 0.03175 | 0.07331 | 0.16178 | 
 0.750 |  0.00000 | 0.00002 | 0.00006 | 0.00022 | 0.00070 | 0.00207 | 0.00569 | 0.01465 | 0.03559 | 0.08218 | 0.18137 | 
 0.800 |  0.00000 | 0.00002 | 0.00007 | 0.00024 | 0.00077 | 0.00229 | 0.00630 | 0.01620 | 0.03934 | 0.09085 | 0.20049 | 
-----------------------------------------------------------------------------------------------------------------------
 HORIZONTAL_STABILIZER  ( t/c: 0.110 )
  CL   |  M=0.450 | M=0.500 | M=0.550 | M=0.600 | M=0.650 | M=0.700 | M=0.750 | M=0.800 | M=0.850 | M=0.900 | M=0.950 | 
 0.300 |  0.00000 | 0.00000 | 0.00000 | 0.00000 | 0.00001 | 0.00003 | 0.00008 | 0.00021 | 0.00052 | 0.00120 | 0.00264 | 
 0.350 |  0.00000 | 0.00000 | 0.00000 | 0.00000 | 0.00001 | 0.00003 | 0.00008 | 0.00021 | 0.00052 | 0.00120 | 0.00264 | 
 0.400 |  0.00000 | 0.00000 | 0.00000 | 0.00000 | 0.00001 | 0.00003 | 0.00008 | 0.00021 | 0.00052 | 0.00120 | 0.00264 | 
 0.450 |  0.00000 | 0.00000 | 0.00000 | 0.00000 | 0.00001 | 0.00003 | 0.00008 | 0.00021 | 0.00052 | 0.00120 | 0.00264 | 
 0.500 |  0.00000 | 0.00000 | 0.00000 | 0.00000 | 0.00001 | 0.00003 | 0.00008 | 0.00021 | 0.00052 | 0.00120 | 0.00264 | 
 0.550 |  0.00000 | 0.00000 | 0.00000 | 0.00000 | 0.00001 | 0.00003 | 0.00008 | 0.00021 | 0.00052 | 0.00120 | 0.00264 | 
 0.600 |  0.00000 | 0.00000 | 0.00000 | 0.00000 | 0.00001 | 0.00003 | 0.00008 | 0.00021 | 0.00052 | 0.00120 | 0.00264 | 
 0.650 |  0.00000 | 0.00000 | 0.00000 | 0.00000 | 0.00001 | 0.00003 | 0.00008 | 0.00021 | 0.00052 | 0.00120 | 0.00264 | 
 0.700 |  0.00000 | 0.00000 | 0.00000 | 0.00000 | 0.00001 | 0.00003 | 0.00008 | 0.00021 | 0.00052 | 0.00120 | 0.00264 | 
 0.750 |  0.00000 | 0.00000 | 0.00000 | 0.00000 | 0.00001 | 0.00003 | 0.00008 | 0.00021 | 0.00052 | 0.00120 | 0.00264 | 
 0.800 |  0.00000 | 0.00000 | 0.00000 | 0.00000 | 0.00001 | 0.00003 | 0.00008 | 0.00021 | 0.00052 | 0.00120 | 0.00264 | 
-----------------------------------------------------------------------------------------------------------------------
 MAIN_WING  ( t/c: 0.132 )
  CL   |  M=0.450 | M=0.500 | M=0.550 | M=0.600 | M=0.650 | M=0.700 | M=0.750 | M=0.800 | M=0.850 | M=0.900 | M=0.950 | 
 0.300 |  0.00000 | 0.00000 | 0.00001 | 0.00005 | 0.00015 | 0.00044 | 0.00120 | 0.00309 | 0.00752 | 0.01735 | 0.03830 | 
 0.350 |  0.00000 | 0.00000 | 0.00002 | 0.00006 | 0.00018 | 0.00055 | 0.00150 | 0.00385 | 0.00936 | 0.02160 | 0.04768 | 
 0.400 |  0.00000 | 0.00000 | 0.00002 | 0.00007 | 0.00023 | 0.00067 | 0.00184 | 0.00474 | 0.01152 | 0.02660 | 0.05870 | 
 0.450 |  0.00000 | 0.00001 | 0.00002 | 0.00009 | 0.00028 | 0.00082 | 0.00224 | 0.00577 | 0.01402 | 0.03237 | 0.07144 | 
 0.500 |  0.00000 | 0.00001 | 0.00003 | 0.00010 | 0.00033 | 0.00098 | 0.00270 | 0.00694 | 0.01686 | 0.03893 | 0.08591 | 
 0.550 |  0.00000 | 0.00001 | 0.00003 | 0.00012 | 0.00039 | 0.00117 | 0.00320 | 0.00824 | 0.02002 | 0.04622 | 0.10201 | 
 0.600 |  0.00000 | 0.00001 | 0.00004 | 0.00014 | 0.00046 | 0.00137 | 0.00375 | 0.00966 | 0.02346 | 0.05418 | 0.11956 | 
 0.650 |  0.00000 | 0.00001 | 0.00005 | 0.00017 | 0.00053 | 0.00158 | 0.00434 | 0.01117 | 0.02713 | 0.06265 | 0.13826 | 
 0.700 |  0.00000 | 0.00001 | 0.00005 | 0.00019 | 0.00061 | 0.00180 | 0.00495 | 0.01274 | 0.03094 | 0.07145 | 0.15768 | 
 0.750 |  0.00000 | 0.00001 | 0.00006 | 0.00021 | 0.00068 | 0.00203 | 0.00557 | 0.01432 | 0.03479 | 0.08032 | 0.17727 | 
 0.800 |  0.00000 | 0.00002 | 0.00007 | 0.00024 | 0.00076 | 0.00225 | 0.00617 | 0.01586 | 0.03854 | 0.08899 | 0.19639 | 
-----------------------------------------------------------------------------------------------------------------------
 VERTICAL_STABILIZER  ( t/c: 0.120 )
  CL   |  M=0.450 | M=0.500 | M=0.550 | M=0.600 | M=0.650 | M=0.700 | M=0.750 | M=0.800 | M=0.850 | M=0.900 | M=0.950 | 
 0.300 |  0.00000 | 0.00000 | 0.00000 | 0.00000 | 0.00001 | 0.00002 | 0.00005 | 0.00012 | 0.00029 | 0.00066 | 0.00146 | 
 0.350 |  0.00000 | 0.00000 | 0.00000 | 0.00000 | 0.00001 | 0.00002 | 0.00005 | 0.00012 | 0.00029 | 0.00066 | 0.00146 | 
 0.400 |  0.00000 | 0.00000 | 0.00000 | 0.00000 | 0.00001 | 0.00002 | 0.00005 | 0.00012 | 0.00029 | 0.00066 | 0.00146 | 
 0.450 |  0.00000 | 0.00000 | 0.00000 | 0.00000 | 0.00001 | 0.00002 | 0.00005 | 0.00012 | 0.00029 | 0.00066 | 0.00146 | 
 0.500 |  0.00000 | 0.00000 | 0.00000 | 0.00000 | 0.00001 | 0.00002 | 0.00005 | 0.00012 | 0.00029 | 0.00066 | 0.00146 | 
 0.550 |  0.00000 | 0.00000 | 0.00000 | 0.00000 | 0.00001 | 0.00002 | 0.00005 | 0.00012 | 0.00029 | 0.00066 | 0.00146 | 
 0.600 |  0.00000 | 0.00000 | 0.00000 | 0.00000 | 0.00001 | 0.00002 | 0.00005 | 0.00012 | 0.00029 | 0.00066 | 0.00146 | 
 0.650 |  0.00000 | 0.00000 | 0.00000 | 0.00000 | 0.00001 | 0.00002 | 0.00005 | 0.00012 | 0.00029 | 0.00066 | 0.00146 | 
 0.700 |  0.00000 | 0.00000 | 0.00000 | 0.00000 | 0.00001 | 0.00002 | 0.00005 | 0.00012 | 0.00029 | 0.00066 | 0.00146 | 
 0.750 |  0.00000 | 0.00000 | 0.00000 | 0.00000 | 0.00001 | 0.00002 | 0.00005 | 0.00012 | 0.00029 | 0.00066 | 0.00146 | 
 0.800 |  0.00000 | 0.00000 | 0.00000 | 0.00000 | 0.00001 | 0.00002 | 0.00005 | 0.00012 | 0.00029 | 0.00066 | 0.00146 | 
-----------------------------------------------------------------------------------------------------------------------

 Sunday, 23. September 2018 02:02:10 PM