Output file with compressibility drag breakdown

  VEHICLE TAG : cruise

  REFERENCE AREA ................  75.0 m2 
  MAIN WING SWEEP ...............  30.0 deg
  MAIN WING THICKNESS RATIO .....  0.12    
 
 TOTAL COMPRESSIBILITY DRAG 
  CL   |  M=0.450 | M=0.500 | M=0.550 | M=0.600 | M=0.650 | M=0.700 | M=0.750 | M=0.800 | M=0.850 | M=0.900 | M=0.950 | 
 0.300 |  0.00000 | 0.00000 | 0.00001 | 0.00003 | 0.00009 | 0.00026 | 0.00071 | 0.00183 | 0.00445 | 0.01027 | 0.02266 | 
 0.350 |  0.00000 | 0.00000 | 0.00001 | 0.00003 | 0.00011 | 0.00031 | 0.00086 | 0.00222 | 0.00541 | 0.01248 | 0.02754 | 
 0.400 |  0.00000 | 0.00000 | 0.00001 | 0.00004 | 0.00013 | 0.00038 | 0.00105 | 0.00269 | 0.00654 | 0.01510 | 0.03331 | 
 0.450 |  0.00000 | 0.00000 | 0.00001 | 0.00005 | 0.00015 | 0.00046 | 0.00126 | 0.00323 | 0.00785 | 0.01812 | 0.04000 | 
 0.500 |  0.00000 | 0.00000 | 0.00002 | 0.00006 | 0.00018 | 0.00054 | 0.00149 | 0.00384 | 0.00933 | 0.02155 | 0.04756 | 
 0.550 |  0.00000 | 0.00000 | 0.00002 | 0.00007 | 0.00022 | 0.00064 | 0.00176 | 0.00452 | 0.01097 | 0.02534 | 0.05592 | 
 0.600 |  0.00000 | 0.00001 | 0.00002 | 0.00008 | 0.00025 | 0.00074 | 0.00204 | 0.00524 | 0.01274 | 0.02941 | 0.06491 | 
 0.650 |  0.00000 | 0.00001 | 0.00002 | 0.00009 | 0.00029 | 0.00085 | 0.00233 | 0.00600 | 0.01458 | 0.03366 | 0.07429 | 
 0.700 |  0.00000 | 0.00001 | 0.00003 | 0.00010 | 0.00032 | 0.00096 | 0.00263 | 0.00677 | 0.01644 | 0.03795 | 0.08376 | 
 0.750 |  0.00000 | 0.00001 | 0.00003 | 0.00011 | 0.00036 | 0.00106 | 0.00292 | 0.00751 | 0.01824 | 0.04211 | 0.09294 | 
 0.800 |  0.00000 | 0.00001 | 0.00003 | 0.00012 | 0.00039 | 0.00116 | 0.00318 | 0.00819 | 0.01990 | 0.04596 | 0.10143 | 
-----------------------------------------------------------------------------------------------------------------------
 HORIZONTAL_STABILIZER  ( t/c: 0.110 )
  CL   |  M=0.450 | M=0.500 | M=0.550 | M=0.600 | M=0.650 | M=0.700 | M=0.750 | M=0.800 | M=0.850 | M=0.900 | M=0.950 | 
 0.300 |  0.00000 | 0.00000 | 0.00000 | 0.00000 | 0.00001 | 0.00003 | 0.00008 | 0.00021 | 0.00052 | 0.00120 | 0.00264 | 
 0.350 |  0.00000 | 0.00000 | 0.00000 | 0.00000 | 0.00001 | 0.00003 | 0.00008 | 0.00021 | 0.00052 | 0.00120 | 0.00264 | 
 0.400 |  0.00000 | 0.00000 | 0.00000 | 0.00000 | 0.00001 | 0.00003 | 0.00008 | 0.00021 | 0.00052 | 0.00120 | 0.00264 | 
 0.450 |  0.00000 | 0.00000 | 0.00000 | 0.00000 | 0.00001 | 0.00003 | 0.00008 | 0.00021 | 0.00052 | 0.00120 | 0.00264 | 
 0.500 |  0.00000 | 0.00000 | 0.00000 | 0.00000 | 0.00001 | 0.00003 | 0.00008 | 0.00021 | 0.00052 | 0.00120 | 0.00264 | 
 0.550 |  0.00000 | 0.00000 | 0.00000 | 0.00000 | 0.00001 | 0.00003 | 0.00008 | 0.00021 | 0.00052 | 0.00120 | 0.00264 | 
 0.600 |  0.00000 | 0.00000 | 0.00000 | 0.00000 | 0.00001 | 0.00003 | 0.00008 | 0.00021 | 0.00052 | 0.00120 | 0.00264 | 
 0.650 |  0.00000 | 0.00000 | 0.00000 | 0.00000 | 0.00001 | 0.00003 | 0.00008 | 0.00021 | 0.00052 | 0.00120 | 0.00264 | 
 0.700 |  0.00000 | 0.00000 | 0.00000 | 0.00000 | 0.00001 | 0.00003 | 0.00008 | 0.00021 | 0.00052 | 0.00120 | 0.00264 | 
 0.750 |  0.00000 | 0.00000 | 0.00000 | 0.00000 | 0.00001 | 0.00003 | 0.00008 | 0.00021 | 0.00052 | 0.00120 | 0.00264 | 
 0.800 |  0.00000 | 0.00000 | 0.00000 | 0.00000 | 0.00001 | 0.00003 | 0.00008 | 0.00021 | 0.00052 | 0.00120 | 0.00264 | 
-----------------------------------------------------------------------------------------------------------------------
 MAIN_WING  ( t/c: 0.123 )
  CL   |  M=0.450 | M=0.500 | M=0.550 | M=0.600 | M=0.650 | M=0.700 | M=0.750 | M=0.800 | M=0.850 | M=0.900 | M=0.950 | 
 0.300 |  0.00000 | 0.00000 | 0.00001 | 0.00002 | 0.00007 | 0.00021 | 0.00058 | 0.00150 | 0.00364 | 0.00841 | 0.01856 | 
 0.350 |  0.00000 | 0.00000 | 0.00001 | 0.00003 | 0.00009 | 0.00027 | 0.00074 | 0.00189 | 0.00460 | 0.01062 | 0.02344 | 
 0.400 |  0.00000 | 0.00000 | 0.00001 | 0.00003 | 0.00011 | 0.00033 | 0.00092 | 0.00236 | 0.00573 | 0.01324 | 0.02921 | 
 0.450 |  0.00000 | 0.00000 | 0.00001 | 0.00004 | 0.00014 | 0.00041 | 0.00113 | 0.00290 | 0.00704 | 0.01626 | 0.03589 | 
 0.500 |  0.00000 | 0.00000 | 0.00001 | 0.00005 | 0.00017 | 0.00050 | 0.00136 | 0.00351 | 0.00853 | 0.01969 | 0.04346 | 
 0.550 |  0.00000 | 0.00000 | 0.00002 | 0.00006 | 0.00020 | 0.00059 | 0.00163 | 0.00419 | 0.01017 | 0.02348 | 0.05182 | 
 0.600 |  0.00000 | 0.00001 | 0.00002 | 0.00007 | 0.00023 | 0.00070 | 0.00191 | 0.00491 | 0.01193 | 0.02755 | 0.06081 | 
 0.650 |  0.00000 | 0.00001 | 0.00002 | 0.00008 | 0.00027 | 0.00080 | 0.00220 | 0.00567 | 0.01377 | 0.03181 | 0.07019 | 
 0.700 |  0.00000 | 0.00001 | 0.00003 | 0.00010 | 0.00031 | 0.00091 | 0.00250 | 0.00643 | 0.01563 | 0.03609 | 0.07966 | 
 0.750 |  0.00000 | 0.00001 | 0.00003 | 0.00011 | 0.00034 | 0.00102 | 0.00279 | 0.00718 | 0.01743 | 0.04025 | 0.08884 | 
 0.800 |  0.00000 | 0.00001 | 0.00003 | 0.00012 | 0.00038 | 0.00111 | 0.00306 | 0.00786 | 0.01910 | 0.04410 | 0.09732 | 
-----------------------------------------------------------------------------------------------------------------------
 VERTICAL_STABILIZER  ( t/c: 0.120 )
  CL   |  M=0.450 | M=0.500 | M=0.550 | M=0.600 | M=0.650 | M=0.700 | M=0.750 | M=0.800 | M=0.850 | M=0.900 | M=0.950 | 
 0.300 |  0.00000 | 0.00000 | 0.00000 | 0.00000 | 0.00001 | 0.00002 | 0.00005 | 0.00012 | 0.00029 | 0.00066 | 0.00146 | 
 0.350 |  0.00000 | 0.00000 | 0.00000 | 0.00000 | 0.00001 | 0.00002 | 0.00005 | 0.00012 | 0.00029 | 0.00066 | 0.00146 | 
 0.400 |  0.00000 | 0.00000 | 0.00000 | 0.00000 | 0.00001 | 0.00002 | 0.00005 | 0.00012 | 0.00029 | 0.00066 | 0.00146 | 
 0.450 |  0.00000 | 0.00000 | 0.00000 | 0.00000 | 0.00001 | 0.00002 | 0.00005 | 0.00012 | 0.00029 | 0.00066 | 0.00146 | 
 0.500 |  0.00000 | 0.00000 | 0.00000 | 0.00000 | 0.00001 | 0.00002 | 0.00005 | 0.00012 | 0.00029 | 0.00066 | 0.00146 | 
 0.550 |  0.00000 | 0.00000 | 0.00000 | 0.00000 | 0.00001 | 0.00002 | 0.00005 | 0.00012 | 0.00029 | 0.00066 | 0.00146 | 
 0.600 |  0.00000 | 0.00000 | 0.00000 | 0.00000 | 0.00001 | 0.00002 | 0.00005 | 0.00012 | 0.00029 | 0.00066 | 0.00146 | 
 0.650 |  0.00000 | 0.00000 | 0.00000 | 0.00000 | 0.00001 | 0.00002 | 0.00005 | 0.00012 | 0.00029 | 0.00066 | 0.00146 | 
 0.700 |  0.00000 | 0.00000 | 0.00000 | 0.00000 | 0.00001 | 0.00002 | 0.00005 | 0.00012 | 0.00029 | 0.00066 | 0.00146 | 
 0.750 |  0.00000 | 0.00000 | 0.00000 | 0.00000 | 0.00001 | 0.00002 | 0.00005 | 0.00012 | 0.00029 | 0.00066 | 0.00146 | 
 0.800 |  0.00000 | 0.00000 | 0.00000 | 0.00000 | 0.00001 | 0.00002 | 0.00005 | 0.00012 | 0.00029 | 0.00066 | 0.00146 | 
-----------------------------------------------------------------------------------------------------------------------

 Thursday, 27. September 2018 03:46:29 PM