 Pareto results 
Pareto Frontier. Run number: 0 
[6846.01912437] 
[[0.04338882]] 
[[1520.00340476]] 
38241.4514661 
[-2.08129500e-04 -3.39821242e-04  1.35571506e-02  1.00000000e-05
 -3.40476163e-05  1.98573010e-02  1.42698986e-04  1.36406237e-01
  1.33888233e-02  3.54323040e-01  3.01973549e+00  3.32985142e+00] 
[1.06666667 0.98772852 0.80225932 0.89447945 0.98410747 1.02799601
 0.91219938] 

 
Pareto Frontier. Run number: 1 
[7086.4868607] 
[[0.03093833]] 
[[1520.00372221]] 
36927.0039071 
[-4.84952959e-05 -2.05238649e-05  3.39161356e-02  1.00000000e-05
 -3.72220560e-05  2.00181499e-02 -1.81499323e-05  2.48867832e-06
  9.38327325e-04  7.80965032e-02  2.37009222e+00  2.66333780e-04] 
[0.92910149 0.92049719 0.94633253 0.80417771 0.97554626 0.9926614
 0.89788294] 

 
Pareto Frontier. Run number: 2 
[6819.10100985] 
[[0.0377718]] 
[[1520.00042874]] 
37191.3994641 
[ 1.10746783e-06 -5.11751059e-06  2.62375363e-02  1.00000000e-05
 -4.28736080e-06  1.99944976e-02  5.50244740e-06  2.16986216e-01
  7.77179789e-03  7.02298292e-02  4.99363608e+00  3.06100498e+00] 
[0.95982814 0.950845   0.9408775  1.         0.98891155 0.9997688
 0.90738718] 

 
Pareto Frontier. Run number: 3 
[6781.94632201] 
[[0.04098468]] 
[[1520.00079906]] 
37305.6109636 
[ 2.98897834e-06 -8.37157753e-06  2.19981967e-02  1.00000000e-05
 -7.99058900e-06  1.99909057e-02  9.09428359e-06  2.36852270e-01
  1.09846774e-02  9.85352784e-02  4.42346704e+00  2.68945485e+00] 
[0.9647641  0.98623663 0.94541776 1.         0.99018821 1.002839
 0.90911751] 

 
Pareto Frontier. Run number: 4 
[6891.99737133] 
[[0.03303562]] 
[[1462.65063842]] 
37321.2292654 
[-2.56831627e-07 -5.29269964e-07  2.77040616e-02  1.00000000e-05
  5.73493616e-01  1.99998513e-02  1.48675417e-07  1.51481847e-01
  3.03562294e-03  4.95844354e-01  1.41937141e+01 -3.80218647e-06] 
[1.00033558 0.91469881 0.94778364 1.         0.98482266 1.00325885
 0.90592562] 

 
Total run time: 19380.3280001