iteration = 1 , objective = 0.0989140042048, inputs = [0.68619613, 0.09518863, 0.14258078, 0.30491277, 0.11127339062700001, 1.0], constraints = [0.1360197056641591, 0.029630154107019024, 1.0000000000065512e-05, 0.02992556387249806, 2.403721263366973, 1.98116577445262, -1.5811657744525291, 0.17859009763309075, 0.00678632375085008, -0.008436575990040183, 1.2271655829227548, 0.5470000000000036]
iteration = 2 , objective = 0.098927938977, inputs = [0.6861961449011612, 0.09518863, 0.14258078, 0.30491277, 0.11127339062700001, 1.0], constraints = [0.1350442716071302, 0.02967437101451334, 1.0000000000065512e-05, -0.0006689270191100149, 2.432272142908434, 0.3181699980459598, 0.08183000195413115, 0.1548811890243801, 0.006390665864729854, -0.0005591137409601287, 1.2271659297371533, 0.547]
iteration = 3 , objective = 0.0989230537236, inputs = [0.68619613, 0.09518864490116119, 0.14258078, 0.30491277, 0.11127339062700001, 1.0], constraints = [0.13538623934647695, 0.029675432934578763, 1.0000000000065512e-05, 0.0008594809479563992, 2.4342666106050674, 0.33961828065139343, 0.060381719348697516, 0.1551878675100177, 0.006398336359994962, -9.116075548263324e-06, 1.2271647495505766, 0.547]
iteration = 4 , objective = 0.0989227176046, inputs = [0.68619613, 0.09518863, 0.14258079490116118, 0.30491277, 0.11127339062700001, 1.0], constraints = [0.13540976767943358, 0.02967552681029076, 1.0000000000065512e-05, 0.0009670789344340847, 2.434406626258882, 0.341100555149751, 0.05889944485033993, 0.15520907094308142, 0.006398854580399051, 2.9698886442020013e-05, 1.227166695661308, 0.547]
iteration = 5 , objective = 0.0989226906772, inputs = [0.68619613, 0.09518863, 0.14258078, 0.3049127849011612, 0.11127339062700001, 1.0], constraints = [0.13541165259813714, 0.02967552957032507, 1.0000000000065512e-05, 0.0009740799898008845, 2.4344161481786357, 0.3412150894798742, 0.05878491052021673, 0.1552107022916193, 0.006398893369368913, 3.212402993540309e-05, 1.2271655829227548, 0.547]
iteration = 6 , objective = 0.0989226976207, inputs = [0.68619613, 0.09518863, 0.14258078, 0.30491277, 0.1112734055281612, 1.0], constraints = [0.13541116655090446, 0.029675530876011, 1.0000000000065512e-05, 0.0009747327744207724, 2.434416873300848, 0.34106980842648227, 0.05893019157360868, 0.15521075786683128, 0.00639889541851827, 3.2392295356658e-05, 1.2271655829227548, 0.547]
iteration = 7 , objective = 0.0989226899794, inputs = [0.68619613, 0.09518863, 0.14258078, 0.30491277, 0.11127339062700001, 1.0000000149011612], constraints = [0.13541170096556016, 0.02967553056069712, 1.0000000000065512e-05, 0.0009747716110905458, 2.4344169239687834, 0.3412193702079094, 0.05878062979218157, 0.15521076573203169, 0.006398895612952163, 3.240627472223423e-05, 1.2271655829227548, 0.547]
iteration = 8 , objective = 0.0989226899781, inputs = [0.68619613, 0.09518863, 0.14258078, 0.30491277, 0.11127339062700001, 1.0], constraints = [0.13541170153261556, 0.029675530562634993, 1.0000000000065512e-05, 0.0009747743247999097, 2.43441692750921, 0.34121940157365316, 0.05878059842643779, 0.15521076617850263, 0.006398895626538378, 3.240725152863888e-05, 1.2271655829227548, 0.5469999999999964]
iteration = 9 , objective = 0.0989226900533, inputs = [0.6861961449011612, 0.09518863, 0.14258078, 0.30491277, 0.11127339062700001, 1.0], constraints = [0.13541169626907504, 0.029675529015111647, 1.0000000000065512e-05, 0.0009750357120174158, 2.4344168369815344, 0.34121877047641647, 0.05878122952367448, 0.15521075681898963, 0.00639889545894564, 3.2610799430585757e-05, 1.2271659297371533, 0.5470000000000036]
iteration = 10 , objective = 0.0989226869798, inputs = [0.68619613, 0.09518864490116119, 0.14258078, 0.30491277, 0.11127339062700001, 1.0], constraints = [0.1354119114150526, 0.029675513880046474, 1.0000000000065512e-05, 0.0009743478926270654, 2.4344164703690114, 0.3412285333433829, 0.05877146665670807, 0.15521089221775952, 0.00639891143158175, 3.223047521714762e-05, 1.2271647495505766, 0.547]
iteration = 11 , objective = 0.0989226919785, inputs = [0.68619613, 0.09518863, 0.14258079490116118, 0.30491277, 0.11127339062700001, 1.0], constraints = [0.1354115615037772, 0.02967553246649915, 1.0000000000065512e-05, 0.000975105240497669, 2.434417097710051, 0.3412130703377443, 0.058786929662346665, 0.15521067977505112, 0.0063988947636820365, 3.2587976672857625e-05, 1.227166695661308, 0.547]
iteration = 12 , objective = 0.0989226888861, inputs = [0.68619613, 0.09518863, 0.14258078, 0.3049127849011612, 0.11127339062700001, 1.0], constraints = [0.13541177797594356, 0.029675529965530988, 1.0000000000065512e-05, 0.0009746408280807373, 2.4344168798715984, 0.3412229533344089, 0.058777046665682064, 0.155210814754766, 0.00639889617717785, 3.23259052083813e-05, 1.2271655829227548, 0.547]
iteration = 13 , objective = 0.0989226974956, inputs = [0.68619613, 0.09518863, 0.14258078, 0.30491277, 0.1112734055281612, 1.0], constraints = [0.13541117530576957, 0.0296755309036301, 1.0000000000065512e-05, 0.0009747719630104257, 2.4344169244279183, 0.3410703574982108, 0.05892964250188015, 0.15521076571509768, 0.006398895614714024, 3.240640139665629e-05, 1.2271655829227548, 0.547]
iteration = 14 , objective = 0.0989226899714, inputs = [0.68619613, 0.09518863, 0.14258078, 0.30491277, 0.11127339062700001, 1.0000000149011612], constraints = [0.13541170152446283, 0.02967553056266129, 1.0000000000065512e-05, 0.0009747743494085626, 2.4344169275412932, 0.34121939838746584, 0.058780601612625105, 0.15521076613836443, 0.0063988956266614674, 3.2407260382569804e-05, 1.2271655829227548, 0.547]
iteration = 15 , objective = 0.0989226899773, inputs = [0.68619613, 0.09518863, 0.14258078, 0.30491277, 0.11127339062700001, 1.0], constraints = [0.13541170158690147, 0.029675530562762585, 1.0000000000065512e-05, 0.0009747745161530475, 2.4344169277588406, 0.34121940539216666, 0.058780594607924286, 0.15521076623845714, 0.006398895627496293, 3.240732040239891e-05, 1.2271655829227548, 0.5470000000000036]
iteration = 16 , objective = 0.0989226900525, inputs = [0.6861961449011612, 0.09518863, 0.14258078, 0.30491277, 0.11127339062700001, 1.0], constraints = [0.13541169632644595, 0.029675529015085425, 1.0000000000065512e-05, 0.0009750357253938091, 2.434416836998982, 0.341218775382913, 0.05878122461717794, 0.1552107569152259, 0.006398895459012684, 3.261080424408647e-05, 1.2271659297371533, 0.5470000000000036]
iteration = 17 , objective = 0.0989226869792, inputs = [0.68619613, 0.09518864490116119, 0.14258078, 0.30491277, 0.11127339062700001, 1.0], constraints = [0.1354119114563473, 0.02967551388002035, 1.0000000000065512e-05, 0.0009743478935592975, 2.434416470370237, 0.34122854132692737, 0.05877145867316358, 0.1552108923292554, 0.006398911431586329, 3.2230475553660654e-05, 1.2271647495505766, 0.5469999999999964]
iteration = 18 , objective = 0.0989226919792, inputs = [0.68619613, 0.09518863, 0.14258079490116118, 0.30491277, 0.11127339062700001, 1.0], constraints = [0.13541156145657443, 0.02967553246652988, 1.0000000000065512e-05, 0.0009751052405590599, 2.4344170977101385, 0.3412130599297143, 0.05878694007037666, 0.15521067963309462, 0.006398894763682335, 3.258797669559499e-05, 1.227166695661308, 0.547]
iteration = 19 , objective = 0.0989226888863, inputs = [0.68619613, 0.09518863, 0.14258078, 0.3049127849011612, 0.11127339062700001, 1.0], constraints = [0.13541177795675685, 0.029675529965543464, 1.0000000000065512e-05, 0.0009746408280852847, 2.4344168798716055, 0.3412229487962577, 0.05877705120383325, 0.1552108146956357, 0.006398896177177878, 3.23259052083813e-05, 1.2271655829227548, 0.547]
iteration = 20 , objective = 0.0989226974956, inputs = [0.68619613, 0.09518863, 0.14258078, 0.30491277, 0.1112734055281612, 1.0], constraints = [0.13541117530576957, 0.0296755309036301, 1.0000000000065512e-05, 0.0009747719630104257, 2.4344169244279183, 0.3410703574982108, 0.05892964250188015, 0.15521076571509768, 0.006398895614714024, 3.240640139665629e-05, 1.2271655829227548, 0.547]
iteration = 21 , objective = 0.0989226899714, inputs = [0.68619613, 0.09518863, 0.14258078, 0.30491277, 0.11127339062700001, 1.0000000149011612], constraints = [0.13541170152446283, 0.02967553056266129, 1.0000000000065512e-05, 0.0009747743494085626, 2.4344169275412932, 0.34121939838746584, 0.058780601612625105, 0.15521076613836443, 0.0063988956266614674, 3.2407260382569804e-05, 1.2271655829227548, 0.547]
iteration = 22 , objective = 0.100831879037, inputs = [0.678670510997578, 0.08939422633040284, 0.12415315298198651, 0.25626204829565186, 0.11073598751267807, 1.0], constraints = [0.0017684673858275345, 0.03609048964969126, 1.0000000000065512e-05, -0.2601456165321224, 2.568130707638731, -1.9569568608944792, 2.35695686089457, 0.04981320474589488, 0.0012792808626797547, -0.19887318695393333, -0.010107753279788086, 0.026795162586917286]
iteration = 23 , objective = 0.0997703080517, inputs = [0.6828109639360291, 0.09258219740529167, 0.13429168409960732, 0.283028753276824, 0.11103165652051794, 1.0], constraints = [0.07607843638225677, 0.032650879718684835, 1.0000000000065512e-05, -0.03253290584478464, 2.511879004323782, -0.42595278004091597, 0.8259527800410069, 0.11154639112108847, 0.003712480094443381, -0.037441466847085395, 0.6732090977067564, 0.4242134964172437]
iteration = 24 , objective = 0.0993488863553, inputs = [0.684495906396814, 0.0938795307907169, 0.1384175229447796, 0.29392136778748523, 0.11115197796192863, 1.0], constraints = [0.10557795512652592, 0.031171987725167785, 1.0000000000065512e-05, 0.001187062081469321, 2.475743141704923, 0.005438961868321712, 0.40543896186841266, 0.13382093935992997, 0.004967433173108313, -0.007935311879837172, 0.9494342975635099, 0.547]
iteration = 25 , objective = 0.0991595889982, inputs = [0.6852542059024448, 0.09446338886759625, 0.14027433504930029, 0.2988235317430502, 0.11120612799474104, 1.0], constraints = [0.11882877012739118, 0.03050658488342952, 1.0000000000065512e-05, 0.005228923253148423, 2.457632398886359, 0.1555946775497432, 0.24440532245034774, 0.14344975569783677, 0.00558456960975641, -0.001684287699658853, 1.073423143441658, 0.547]
iteration = 26 , objective = 0.0991627150475, inputs = [0.685254220803606, 0.09446338886759625, 0.14027433504930029, 0.2988235317430502, 0.11120612799474104, 1.0], constraints = [0.11860994667170234, 0.030505794574980608, 1.0000000000065512e-05, 0.0042618079288945405, 2.456370606704524, 0.14169405307711713, 0.2583059469229738, 0.14325119072227074, 0.005579722859689336, -0.0020324667183376733, 1.0734234857179763, 0.5469999999999964]
iteration = 27 , objective = 0.0991629296861, inputs = [0.6852542059024448, 0.09446340376875745, 0.14027433504930029, 0.2988235317430502, 0.11120612799474104, 1.0], constraints = [0.11859492197635337, 0.030505724776077513, 1.0000000000065512e-05, 0.004193727967544874, 2.4562823470613364, 0.1407358343165015, 0.25926416568358945, 0.14323749872033176, 0.0055794016132226995, -0.002057116807145576, 1.0734223157973537, 0.547]
iteration = 28 , objective = 0.099162949964, inputs = [0.6852542059024448, 0.09446338886759625, 0.14027434995046148, 0.2988235317430502, 0.11120612799474104, 1.0], constraints = [0.11859350252254444, 0.030505739199597537, 1.0000000000065512e-05, 0.004189850721227231, 2.4562768528060404, 0.14065214117158575, 0.2593478588285052, 0.14323631207892512, 0.005579360557115935, -0.002058410124236616, 1.0734242581444269, 0.547]
iteration = 29 , objective = 0.0991629478838, inputs = [0.6852542059024448, 0.09446338886759625, 0.14027433504930029, 0.2988235466442114, 0.11120612799474104, 1.0], constraints = [0.11859364813108914, 0.0305057364038911, 1.0000000000065512e-05, 0.004189002558134689, 2.456276208745301, 0.14065773115407865, 0.2593422688460123, 0.143236385486464, 0.005579360818127398, -0.002058827826806464, 1.073423143441658, 0.547]
iteration = 30 , objective = 0.0991629565865, inputs = [0.6852542059024448, 0.09446338886759625, 0.14027433504930029, 0.2988235317430502, 0.11120614289590224, 1.0], constraints = [0.1185930389415771, 0.03050573737065633, 1.0000000000065512e-05, 0.004189107703275567, 2.4562762217203598, 0.14050470141228288, 0.25949529858780807, 0.14323633031405264, 0.005579360133183706, -0.002058757293934832, 1.073423143441658, 0.5470000000000036]
iteration = 31 , objective = 0.0991629490561, inputs = [0.6852542059024448, 0.09446338886759625, 0.14027433504930029, 0.2988235317430502, 0.11120612799474104, 1.0000000149011612], constraints = [0.11859356590667448, 0.03050573697282187, 1.0000000000065512e-05, 0.004189108396321899, 2.45627622262423, 0.14065372330355785, 0.2593462766965331, 0.14323633046394982, 0.005579360136655533, -0.0020587570443558433, 1.073423143441658, 0.5469999999999964]
iteration = 32 , objective = 0.0991629490584, inputs = [0.6852542059024448, 0.09446338886759625, 0.14027433504930029, 0.2988235317430502, 0.11120612799474104, 1.0], constraints = [0.11859356590890821, 0.03050573697286793, 1.0000000000065512e-05, 0.004189108444597878, 2.4562762226871966, 0.1406537211300929, 0.25934627886999806, 0.14323633043209902, 0.005579360136897395, -0.0020587570269685784, 1.073423143441658, 0.5469999999999964]
iteration = 33 , objective = 0.0991629491267, inputs = [0.685254220803606, 0.09446338886759625, 0.14027433504930029, 0.2988235317430502, 0.11120612799474104, 1.0], constraints = [0.11859356113310059, 0.030505735519158875, 1.0000000000065512e-05, 0.004189370072681413, 2.4562761320729476, 0.14065311873764585, 0.2593468812624451, 0.14323632149546023, 0.0055793599673503655, -0.0020585531892311337, 1.0734234857179763, 0.547]
iteration = 34 , objective = 0.0991629459923, inputs = [0.6852542059024448, 0.09446340376875745, 0.14027433504930029, 0.2988235317430502, 0.11120612799474104, 1.0], constraints = [0.1185937805363792, 0.030505720662153783, 1.0000000000065512e-05, 0.004188681771870506, 2.45627576574219, 0.14066331662615994, 0.259336683373931, 0.14323646286639652, 0.005579376333373229, -0.0020589340504830033, 1.0734223157973537, 0.547]
iteration = 35 , objective = 0.0991629510995, inputs = [0.6852542059024448, 0.09446338886759625, 0.14027434995046148, 0.2988235317430502, 0.11120612799474104, 1.0], constraints = [0.11859342303645462, 0.030505738912990715, 1.0000000000065512e-05, 0.004189499191782033, 2.456276394336437, 0.140647095501663, 0.25935290449842796, 0.14323624000132718, 0.005579358796064804, -0.0020585367175226564, 1.0734242581444269, 0.5469999999999964]
iteration = 36 , objective = 0.0991629479637, inputs = [0.6852542059024448, 0.09446338886759625, 0.14027433504930029, 0.2988235466442114, 0.11120612799474104, 1.0], constraints = [0.11859364254250977, 0.03050573638396433, 1.0000000000065512e-05, 0.004188978069787481, 2.4562761768072705, 0.1406573695944644, 0.25934263040562655, 0.14323638032482613, 0.005579360695448746, -0.002058836645583142, 1.073423143441658, 0.5470000000000036]
iteration = 37 , objective = 0.0991629565927, inputs = [0.6852542059024448, 0.09446338886759625, 0.14027433504930029, 0.2988235317430502, 0.11120614289590224, 1.0], constraints = [0.11859303850944707, 0.030505737369300498, 1.0000000000065512e-05, 0.004189105997368187, 2.456276219495485, 0.14050466798198613, 0.2594953320181048, 0.14323632983850168, 0.005579360124637667, -0.0020587579082712183, 1.073423143441658, 0.547]
iteration = 38 , objective = 0.0991629490565, inputs = [0.6852542059024448, 0.09446338886759625, 0.14027433504930029, 0.2988235317430502, 0.11120612799474104, 1.0000000149011612], constraints = [0.1185935658798262, 0.030505736972724976, 1.0000000000065512e-05, 0.004189108277482773, 2.4562762224692416, 0.1406537216180368, 0.25934627838205415, 0.14323633043998923, 0.0055793601360600645, -0.0020587570871521167, 1.073423143441658, 0.547]
iteration = 39 , objective = 0.0991629490584, inputs = [0.6852542059024448, 0.09446338886759625, 0.14027433504930029, 0.2988235317430502, 0.11120612799474104, 1.0], constraints = [0.11859356591548204, 0.030505736972854823, 1.0000000000065512e-05, 0.004189108436323749, 2.456276222676406, 0.14065372385789487, 0.2593462761421961, 0.14323633047192708, 0.005579360136855824, -0.0020587570299494475, 1.073423143441658, 0.5470000000000036]
iteration = 40 , objective = 0.099162949127, inputs = [0.685254220803606, 0.09446338886759625, 0.14027433504930029, 0.2988235317430502, 0.11120612799474104, 1.0], constraints = [0.1185935611065288, 0.030505735519178595, 1.0000000000065512e-05, 0.004189370072103884, 2.4562761320721984, 0.14065311873855535, 0.2593468812615356, 0.14323632147272036, 0.005579359967347486, -0.0020585531894403175, 1.0734234857179763, 0.547]
iteration = 41 , objective = 0.0991629459924, inputs = [0.6852542059024448, 0.09446340376875745, 0.14027433504930029, 0.2988235317430502, 0.11120612799474104, 1.0], constraints = [0.11859378053446926, 0.030505720662155185, 1.0000000000065512e-05, 0.004188681771822757, 2.4562757657421352, 0.14066331638946394, 0.259336683610627, 0.14323646286251374, 0.005579376333372944, -0.0020589340505057408, 1.0734223157973537, 0.5470000000000036]
iteration = 42 , objective = 0.0991629510995, inputs = [0.6852542059024448, 0.09446338886759625, 0.14027434995046148, 0.2988235317430502, 0.11120612799474104, 1.0], constraints = [0.11859342303645462, 0.030505738912990715, 1.0000000000065512e-05, 0.004189499191782033, 2.456276394336437, 0.140647095501663, 0.25935290449842796, 0.14323624000132718, 0.005579358796064804, -0.0020585367175226564, 1.0734242581444269, 0.5469999999999964]
iteration = 43 , objective = 0.0991629479637, inputs = [0.6852542059024448, 0.09446338886759625, 0.14027433504930029, 0.2988235466442114, 0.11120612799474104, 1.0], constraints = [0.11859364254250977, 0.03050573638396433, 1.0000000000065512e-05, 0.004188978069787481, 2.4562761768072705, 0.1406573695944644, 0.25934263040562655, 0.14323638032482613, 0.005579360695448746, -0.002058836645583142, 1.073423143441658, 0.5470000000000036]
iteration = 44 , objective = 0.0991629565927, inputs = [0.6852542059024448, 0.09446338886759625, 0.14027433504930029, 0.2988235317430502, 0.11120614289590224, 1.0], constraints = [0.11859303850944707, 0.030505737369300498, 1.0000000000065512e-05, 0.004189105997368187, 2.456276219495485, 0.14050466798198613, 0.2594953320181048, 0.14323632983850168, 0.005579360124637667, -0.0020587579082712183, 1.073423143441658, 0.547]
iteration = 45 , objective = 0.0991629490565, inputs = [0.6852542059024448, 0.09446338886759625, 0.14027433504930029, 0.2988235317430502, 0.11120612799474104, 1.0000000149011612], constraints = [0.1185935658798262, 0.030505736972724976, 1.0000000000065512e-05, 0.004189108277482773, 2.4562762224692416, 0.1406537216180368, 0.25934627838205415, 0.14323633043998923, 0.0055793601360600645, -0.0020587570871521167, 1.073423143441658, 0.547]
iteration = 46 , objective = 0.100427666438, inputs = [0.7533205782346123, 0.08973861087010912, 0.10151674376954647, 0.21444870491230128, 0.11026109988524505, 1.0], constraints = [0.030063349360865688, 0.026617087252876412, 1.0000000000065512e-05, -0.2624407437009313, 1.8256187061718374, 1.2516573666548538, -0.8516573666547629, 0.024302578271187158, 0.007315164709578999, 0.023449954520037862, -0.43928492854258727, 0.547]
iteration = 47 , objective = 0.0998142277842, inputs = [0.708596298375045, 0.09284311440384711, 0.1269831422227992, 0.2698887590680532, 0.11088204823604003, 1.0], constraints = [0.07300405510763085, 0.029278269480654096, 1.0000000000065512e-05, 0.15802922851729817, 2.2338222084249244, -0.24795420696523252, 0.6479542069653235, 0.09180163543816988, 0.004523465519910903, 0.17077289195965478, 0.6554093941682386, 0.5469999999999964]
iteration = 48 , objective = 0.0994878264027, inputs = [0.6969916577473632, 0.09364864213843603, 0.13359092669824071, 0.28427382925536215, 0.11104316614519259, 1.0], constraints = [0.09585215181113017, 0.029913968842182934, 1.0000000000065512e-05, 0.12732973983132523, 2.3552877232003993, 0.004622026650622502, 0.40462202665071345, 0.11812155576259649, 0.004819342304074485, 0.11314280905832674, 0.875815555344092, 0.5470000000000036]
iteration = 49 , objective = 0.0993287670479, inputs = [0.6911904818064591, 0.09405132656991089, 0.13689416731994256, 0.2914649457884987, 0.11112370921138585, 1.0], constraints = [0.10698630664870143, 0.03021924688149951, 1.0000000000065512e-05, 0.0779098406138064, 2.407013075507013, 0.06987339342026644, 0.3301266065798245, 0.13058106098896083, 0.0051304276962673215, 0.06349722271181008, 0.9766223456419247, 0.547]
iteration = 50 , objective = 0.0992482554931, inputs = [0.6882910455633714, 0.09425258883932647, 0.13854513182709896, 0.2950590763780279, 0.11116396475399122, 1.0], constraints = [0.11262211547969127, 0.03035970355563891, 1.0000000000065512e-05, 0.04487788176762251, 2.431492898789711, 0.10473250574705162, 0.29526749425303933, 0.13676839723179307, 0.00533271768111105, 0.03338602768307965, 1.0246999709672782, 0.5469999999999964]
iteration = 51 , objective = 0.0992076431911, inputs = [0.6868430829183062, 0.09435309811890435, 0.13936961449692484, 0.29685396559055366, 0.11118406815239784, 1.0], constraints = [0.1154649766223738, 0.030429478460598555, 1.0000000000065512e-05, 0.026285413533191786, 2.443443431763939, 0.12221983645076762, 0.27778016354932333, 0.13985797507977155, 0.005445940778033655, 0.016999028832206022, 1.0481388171130457, 0.547]
iteration = 52 , objective = 0.0991873096556, inputs = [0.6861223241497615, 0.09440312906743938, 0.1397800208812438, 0.2977474155306493, 0.11119407510991744, 1.0], constraints = [0.11688832410488248, 0.030464129353522544, 1.0000000000065512e-05, 0.0165066240099668, 2.4493315948486196, 0.13101742368075975, 0.2689825763193312, 0.14139685409420863, 0.005505386279318264, 0.008502901903573274, 1.0596648772729769, 0.547]
iteration = 53 , objective = 0.0991862928657, inputs = [0.6861223390509227, 0.09440312906743938, 0.1397800208812438, 0.2977474155306493, 0.11119407510991744, 1.0], constraints = [0.11695949940200444, 0.030464386482140636, 1.0000000000065512e-05, 0.016821111890878912, 2.449741840730494, 0.13554581863763815, 0.2644541813624528, 0.141461534915382, 0.005506961824277207, 0.008616269376225318, 1.0596652186680222, 0.547]
iteration = 54 , objective = 0.0991862188649, inputs = [0.6861223241497615, 0.09440314396860057, 0.1397800208812438, 0.2977474155306493, 0.11119407510991744, 1.0], constraints = [0.11696467945795302, 0.030464389632445174, 1.0000000000065512e-05, 0.016842322346349192, 2.449770069730006, 0.13587165379885846, 0.2641283462012325, 0.14146618464238686, 0.005507088028612335, 0.008623775359915271, 1.0596640501862111, 0.5470000000000036]
iteration = 55 , objective = 0.099186219041, inputs = [0.6861223241497615, 0.09440312906743938, 0.139780035782405, 0.2977474155306493, 0.11119407510991744, 1.0], constraints = [0.11696466712736583, 0.030464409155549516, 1.0000000000065512e-05, 0.0168446784674461, 2.4497726928620467, 0.1358773642041342, 0.26412263579595674, 0.141466275089941, 0.005507078023216483, 0.008624730516194177, 1.0596659944510556, 0.547]
iteration = 56 , objective = 0.0991862155548, inputs = [0.6861223241497615, 0.09440312906743938, 0.1397800208812438, 0.2977474304318105, 0.11119407510991744, 1.0], constraints = [0.11696491116642938, 0.030464406708535646, 1.0000000000065512e-05, 0.016844251782904395, 2.449772613580837, 0.1358892250975714, 0.26411077490251955, 0.14146643807039644, 0.005507080550530501, 0.008624461038907611, 1.0596648772729769, 0.5470000000000036]
iteration = 57 , objective = 0.0991862241631, inputs = [0.6861223241497615, 0.09440312906743938, 0.1397800208812438, 0.2977474155306493, 0.11119409001107863, 1.0], constraints = [0.11696430858131135, 0.03046440770150062, 1.0000000000065512e-05, 0.01684438649611593, 2.449772665712677, 0.1357366202787489, 0.26426337972134206, 0.14146638894263788, 0.005507080017256687, 0.008624542081256549, 1.0596648772729769, 0.547]
iteration = 58 , objective = 0.0991862166205, inputs = [0.6861223241497615, 0.09440312906743938, 0.1397800208812438, 0.2977474155306493, 0.11119407510991744, 1.0000000149011612], constraints = [0.11696483640589576, 0.0304644073018219, 1.0000000000065512e-05, 0.016844389278207927, 2.4497726693457227, 0.13588568473983287, 0.2641143152602581, 0.14146638971573502, 0.0055070800312080476, 0.008624543083192293, 1.0596648772729769, 0.547]
iteration = 59 , objective = 0.0991862166242, inputs = [0.6861223241497615, 0.09440312906743938, 0.1397800208812438, 0.2977474155306493, 0.11119407510991744, 1.0], constraints = [0.11696483630655348, 0.03046440730209051, 1.0000000000065512e-05, 0.016844389472087187, 2.449772669598904, 0.13588568258319356, 0.2641143174168974, 0.1414663896907534, 0.005507080032180284, 0.008624543153018749, 1.0596648772729769, 0.547]
iteration = 60 , objective = 0.0991862166942, inputs = [0.6861223390509227, 0.09440312906743938, 0.1397800208812438, 0.2977474155306493, 0.11119407510991744, 1.0], constraints = [0.1169648314060105, 0.03046440585350086, 1.0000000000065512e-05, 0.01684465040541454, 2.449772579001703, 0.1358850708677437, 0.26411492913234724, 0.1414663806215593, 0.005507079862369042, 0.008624746491791483, 1.0596652186680222, 0.5470000000000036]
iteration = 61 , objective = 0.0991862135561, inputs = [0.6861223241497615, 0.09440314396860057, 0.1397800208812438, 0.2977474155306493, 0.11119407510991744, 1.0], constraints = [0.11696505107389385, 0.030464390982410508, 1.0000000000065512e-05, 0.016843962734276373, 2.449772211866617, 0.135895299059257, 0.26410470094083394, 0.1414665224031218, 0.00550709625464136, 0.008624366126389305, 1.0596640501862111, 0.5470000000000036]
iteration = 62 , objective = 0.0991862186668, inputs = [0.6861223241497615, 0.09440312906743938, 0.139780035782405, 0.2977474155306493, 0.11119407510991744, 1.0], constraints = [0.11696469332089691, 0.03046440924940249, 1.0000000000065512e-05, 0.01684479278534127, 2.4497728421465945, 0.13587902271706298, 0.26412097728302797, 0.1414662988020062, 0.00550707859648477, 0.008624771686445456, 1.0596659944510556, 0.547]
iteration = 63 , objective = 0.0991862155312, inputs = [0.6861223241497615, 0.09440312906743938, 0.1397800208812438, 0.2977474304318105, 0.11119407510991744, 1.0], constraints = [0.11696491281520138, 0.030464406715211043, 1.0000000000065512e-05, 0.01684425974966416, 2.449772623984409, 0.1358893368887948, 0.26411066311129616, 0.14146643964067138, 0.005507080590481363, 0.008624463908045072, 1.0596648772729769, 0.5470000000000036]
iteration = 64 , objective = 0.0991862241605, inputs = [0.6861223241497615, 0.09440312906743938, 0.1397800208812438, 0.2977474155306493, 0.11119409001107863, 1.0], constraints = [0.11696430876773957, 0.030464407701911674, 1.0000000000065512e-05, 0.016844387051319246, 2.449772666437697, 0.1357366332881611, 0.26426336671192985, 0.1414663891506102, 0.005507080020040925, 0.008624542281204413, 1.0596648772729769, 0.547]
iteration = 65 , objective = 0.0991862166229, inputs = [0.6861223241497615, 0.09440312906743938, 0.1397800208812438, 0.2977474155306493, 0.11119407510991744, 1.0000000149011612], constraints = [0.11696483623488893, 0.03046440730199057, 1.0000000000065512e-05, 0.0168443893169092, 2.4497726693962467, 0.13588566553562487, 0.2641143344644661, 0.14146638942617998, 0.005507080031402135, 0.008624543097125752, 1.0596648772729769, 0.547]
iteration = 66 , objective = 0.0991862166237, inputs = [0.6861223241497615, 0.09440312906743938, 0.1397800208812438, 0.2977474155306493, 0.11119407510991744, 1.0], constraints = [0.11696483634396282, 0.030464407302064886, 1.0000000000065512e-05, 0.016844389474788387, 2.449772669602426, 0.13588568801242218, 0.26411431198766877, 0.1414663897652332, 0.005507080032193794, 0.008624543153985087, 1.0596648772729769, 0.547]
iteration = 67 , objective = 0.0991862166928, inputs = [0.6861223390509227, 0.09440312906743938, 0.1397800208812438, 0.2977474155306493, 0.11119407510991744, 1.0], constraints = [0.11696483150281346, 0.030464405853427072, 1.0000000000065512e-05, 0.016844650405603262, 2.4497725790019502, 0.1358850783951766, 0.26411492160491434, 0.14146638072662973, 0.005507079862370048, 0.008624746491859696, 1.0596652186680222, 0.5470000000000036]
iteration = 68 , objective = 0.0991862135566, inputs = [0.6861223241497615, 0.09440314396860057, 0.1397800208812438, 0.2977474155306493, 0.11119407510991744, 1.0], constraints = [0.11696505103670643, 0.030464390982438666, 1.0000000000065512e-05, 0.016843962734287742, 2.449772211866635, 0.13589528910029003, 0.2641047108998009, 0.1414665222363311, 0.0055070962546414845, 0.008624366126396126, 1.0596640501862111, 0.547]
iteration = 69 , objective = 0.0991862186683, inputs = [0.6861223241497615, 0.09440312906743938, 0.139780035782405, 0.2977474155306493, 0.11119407510991744, 1.0], constraints = [0.11696469321656695, 0.03046440924948194, 1.0000000000065512e-05, 0.016844792785345817, 2.449772842146598, 0.13587902826748177, 0.2641209717326092, 0.14146629887655032, 0.00550707859648477, 0.008624771686445456, 1.0596659944510556, 0.5469999999999964]
iteration = 70 , objective = 0.0991862155312, inputs = [0.6861223241497615, 0.09440312906743938, 0.1397800208812438, 0.2977474304318105, 0.11119407510991744, 1.0], constraints = [0.11696491281520138, 0.030464406715211043, 1.0000000000065512e-05, 0.01684425974966416, 2.449772623984409, 0.1358893368887948, 0.26411066311129616, 0.14146643964067138, 0.005507080590481363, 0.008624463908045072, 1.0596648772729769, 0.5470000000000036]
iteration = 71 , objective = 0.0991862241605, inputs = [0.6861223241497615, 0.09440312906743938, 0.1397800208812438, 0.2977474155306493, 0.11119409001107863, 1.0], constraints = [0.11696430876773957, 0.030464407701911674, 1.0000000000065512e-05, 0.016844387051319246, 2.449772666437697, 0.1357366332881611, 0.26426336671192985, 0.1414663891506102, 0.005507080020040925, 0.008624542281204413, 1.0596648772729769, 0.547]
iteration = 72 , objective = 0.0991862166229, inputs = [0.6861223241497615, 0.09440312906743938, 0.1397800208812438, 0.2977474155306493, 0.11119407510991744, 1.0000000149011612], constraints = [0.11696483623488893, 0.03046440730199057, 1.0000000000065512e-05, 0.0168443893169092, 2.4497726693962467, 0.13588566553562487, 0.2641143344644661, 0.14146638942617998, 0.005507080031402135, 0.008624543097125752, 1.0596648772729769, 0.547]
iteration = 73 , objective = 0.0994659595545, inputs = [0.6875949796015098, 0.08878140764079742, 0.13632214435141618, 0.305711889952905, 0.11114851739919097, 1.0], constraints = [0.09738283118445543, 0.03587775801032843, 1.0000000000065512e-05, 0.019798246081168144, 2.53470193677978, -0.3216873081742051, 0.721687308174296, 0.128205027103688, -0.00045410490816420734, -0.010510991058572472, 1.1529847255754957, -0.47312868688862]
iteration = 74 , objective = 0.0991853031891, inputs = [0.6862695896949362, 0.09384095692477518, 0.13943423322826104, 0.2985438629728749, 0.11118951933884477, 1.0], constraints = [0.11702877676255594, 0.03099509847595719, 1.0000000000065512e-05, 0.022427841450935376, 2.4640105890610977, 0.20472900206436861, 0.19527099793572233, 0.14175594301456798, 0.0049693493609547085, 0.008894888246170468, 1.0683819482829386, 0.5469999999999964]
iteration = 75 , objective = 0.099190255655, inputs = [0.686196042174782, 0.09412171755309268, 0.13960692687731982, 0.29814610031739824, 0.11119179458703256, 1.0], constraints = [0.11668210414872737, 0.030728022266178448, 1.0000000000065512e-05, 0.018154710277785854, 2.45492847317809, 0.14993313063405367, 0.2500668693660373, 0.1413191539974278, 0.005231265734754138, 0.008232781287881607, 1.0640123076182535, 0.5469999999999964]
iteration = 76 , objective = 0.0991884672149, inputs = [0.6861590585576013, 0.09426289897668554, 0.13969376645794646, 0.29794608403203515, 0.11119293870321476, 1.0], constraints = [0.1168072949558482, 0.030595471271733662, 1.0000000000065512e-05, 0.017399453648874897, 2.4522058525733956, 0.14172705234545901, 0.25827294765463193, 0.14137632501916464, 0.005369350301903789, 0.008396023126524597, 1.0618272142673977, 0.547]
iteration = 77 , objective = 0.0991873386519, inputs = [0.6861406423582583, 0.09433320105740661, 0.1397370087135608, 0.29784648480232573, 0.11119350842227659, 1.0], constraints = [0.11688629436766132, 0.03052970519832182, 1.0000000000065512e-05, 0.017115198676544877, 2.4509761689823537, 0.1387751366437442, 0.26122486335634676, 0.14142110630080537, 0.00543841889976817, 0.008508918902011829, 1.0607421632104561, 0.5470000000000036]
iteration = 78 , objective = 0.0991867738327, inputs = [0.6861314820235832, 0.09436816975945937, 0.13975851768651235, 0.2977969435120443, 0.11119379180416117, 1.0], constraints = [0.11692583171121805, 0.03049703805663697, 1.0000000000065512e-05, 0.016979426993598282, 2.4503733767759077, 0.13734079840082813, 0.2626592015992628, 0.14144389315731373, 0.005472764750458027, 0.00856673394104746, 1.0602031998531383, 0.5469999999999964]
iteration = 79 , objective = 0.0991864958327, inputs = [0.6861269259403354, 0.09438556217177449, 0.13976921562221165, 0.29777230311944697, 0.11119393275004393, 1.0], constraints = [0.11694529171303293, 0.03048080062452259, 1.0000000000065512e-05, 0.016912114548033513, 2.4500742251210648, 0.13661889283230266, 0.2633811071677883, 0.14145511189067647, 0.005489839203659523, 0.008595477416677114, 1.0599353200025217, 0.5470000000000036]
iteration = 80 , objective = 0.0991863585649, inputs = [0.6861246601098049, 0.09439421176325158, 0.13977453591773883, 0.29776004896367264, 0.11119400284522592, 1.0], constraints = [0.1169549004536384, 0.030472727894160515, 1.0000000000065512e-05, 0.016878609457510265, 2.449925506100306, 0.13625657177499306, 0.2637434282250979, 0.14146064567003122, 0.0054983282335946335, 0.008609739312919373, 1.0598021437226526, 0.547]
iteration = 81 , objective = 0.0991862906164, inputs = [0.6861235339386537, 0.09439851081397842, 0.13977718022994867, 0.2977539583595755, 0.11119403768418262, 1.0], constraints = [0.11695965685379997, 0.030468716158139224, 1.0000000000065512e-05, 0.01686193931532216, 2.449851589671467, 0.13607553163683406, 0.2639244683632569, 0.1414633828177898, 0.005502546829572477, 0.008616816071098583, 1.0597359632599381, 0.547]
iteration = 82 , objective = 0.0991862570253, inputs = [0.6861229756220761, 0.09440064213414757, 0.13977849118818214, 0.297750938849414, 0.11119405495612841, 1.0], constraints = [0.1169620082323745, 0.03046672741859096, 1.0000000000065512e-05, 0.016853661050256506, 2.449814932141948, 0.1359854012669075, 0.26401459873318345, 0.14146473452491543, 0.00550463805485811, 0.008620318162479634, 1.0597031560611632, 0.547]
iteration = 83 , objective = 0.0990044808123, inputs = [0.68619613, 0.09518863, 0.14258078, 0.30491277, 0.11119405495612841, 0.75], constraints = [0.1383949598537729, 0.029674287887943143, 1.0000000000065512e-05, 0.0017994881492745661, 2.4354929056987493, 1.1461363668595368, -0.7461363668594458, 0.1553760646435279, 0.0064030247224687795, 0.0003292713693144833, 1.2271655829227548, 0.5470000000000036]
iteration = 84 , objective = 0.0990069898516, inputs = [0.6861961449011612, 0.09518863, 0.14258078, 0.30491277, 0.11119405495612841, 0.75], constraints = [0.13822356233829486, 0.02967374627460302, 1.0000000000065512e-05, 0.001032663877133473, 2.4344920211952084, 1.1353833228797612, -0.7353833228796702, 0.15522230802311335, 0.006399183972500777, 5.335424477380002e-05, 1.2271659297371533, 0.5469999999999964]
iteration = 85 , objective = 0.0990071631098, inputs = [0.68619613, 0.09518864490116119, 0.14258078, 0.30491277, 0.11119405495612841, 0.75], constraints = [0.1382118009075457, 0.029673693407930947, 1.0000000000065512e-05, 0.0009783746691255147, 2.4344217238696912, 1.1346416855606094, -0.7346416855605185, 0.1552116992704839, 0.006398931591441698, 3.367992453149782e-05, 1.2271647495505766, 0.5470000000000036]
iteration = 86 , objective = 0.0990071786857, inputs = [0.68619613, 0.09518863, 0.14258079490116118, 0.30491277, 0.11119405495612841, 0.75], constraints = [0.1382106143002675, 0.029673709360387324, 1.0000000000065512e-05, 0.0009753866116284371, 2.43441746479856, 1.1345737240264953, -0.7345737240264043, 0.15521073618460335, 0.006398896172352543, 3.268925698421299e-05, 1.227166695661308, 0.5469999999999964]
iteration = 87 , objective = 0.09900717737, inputs = [0.68619613, 0.09518863, 0.14258078, 0.3049127849011612, 0.11119405495612841, 0.75], constraints = [0.1382107721798784, 0.029673706675566208, 1.0000000000065512e-05, 0.0009746604889232913, 2.4344169055219207, 1.134579934108615, -0.734579934108524, 0.15521081865343866, 0.006398896275608627, 3.233298217310221e-05, 1.2271655829227548, 0.5469999999999964]
iteration = 88 , objective = 0.0990071838569, inputs = [0.68619613, 0.09518863, 0.14258078, 0.30491277, 0.1111940698572896, 0.75], constraints = [0.1382101654406615, 0.029673707600278265, 1.0000000000065512e-05, 0.0009747733368203626, 2.4344169262202375, 1.1344270852152931, -0.7344270852152022, 0.15521076598983505, 0.006398895621592057, 3.240689589802059e-05, 1.2271655829227548, 0.5470000000000036]
iteration = 89 , objective = 0.0990071782127, inputs = [0.68619613, 0.09518863, 0.14258078, 0.30491277, 0.11119405495612841, 0.7500000149011612], constraints = [0.13821069144490683, 0.029673707258783794, 1.0000000000065512e-05, 0.0009747744453966334, 2.434416927666527, 1.1345761170546211, -0.7345761170545302, 0.15521076627599442, 0.006398895627141923, 3.240729493427352e-05, 1.2271655829227548, 0.547]
iteration = 90 , objective = 0.0990071782202, inputs = [0.68619613, 0.09518863, 0.14258078, 0.30491277, 0.11119405495612841, 0.75], constraints = [0.13821069143337808, 0.029673707258856992, 1.0000000000065512e-05, 0.0009747745228696658, 2.4344169277675936, 1.1345761131178733, -0.7345761131177824, 0.15521076621963203, 0.0063988956275299255, 3.240732281938108e-05, 1.2271655829227548, 0.5469999999999964]
iteration = 91 , objective = 0.0990071783381, inputs = [0.6861961449011612, 0.09518863, 0.14258078, 0.30491277, 0.11119405495612841, 0.75], constraints = [0.1382106861203647, 0.029673705710689613, 1.0000000000065512e-05, 0.0009750357258621989, 2.4344168369995933, 1.1345754766609844, -0.7345754766608934, 0.15521075678390694, 0.006398895459015008, 3.261080441006925e-05, 1.2271659297371533, 0.5470000000000036]
iteration = 92 , objective = 0.0990071762799, inputs = [0.68619613, 0.09518864490116119, 0.14258078, 0.30491277, 0.11119405495612841, 0.75], constraints = [0.13821090122281385, 0.02967369057353121, 1.0000000000065512e-05, 0.0009743478935934036, 2.434416470370281, 1.1345852453109728, -0.7345852453108819, 0.1552108922402642, 0.006398911431586517, 3.2230475567303075e-05, 1.2271647495505766, 0.5469999999999964]
iteration = 93 , objective = 0.0990071796061, inputs = [0.68619613, 0.09518863, 0.14258079490116118, 0.30491277, 0.11119405495612841, 0.75], constraints = [0.1382105514263967, 0.029673709162339537, 1.0000000000065512e-05, 0.0009751052405613336, 2.434417097710142, 1.1345697790141003, -0.7345697790140093, 0.15521067977477826, 0.006398894763682418, 3.2587976697868725e-05, 1.227166695661308, 0.5469999999999964]
iteration = 94 , objective = 0.0990071774344, inputs = [0.68619613, 0.09518863, 0.14258078, 0.3049127849011612, 0.11119405495612841, 0.75], constraints = [0.13821076777599955, 0.02967370666173453, 1.0000000000065512e-05, 0.0009746408280852847, 2.4344168798716055, 1.1345796575121767, -0.7345796575120858, 0.1552108146956357, 0.006398896177177878, 3.23259052083813e-05, 1.2271655829227548, 0.547]
iteration = 95 , objective = 0.0990071838614, inputs = [0.68619613, 0.09518863, 0.14258078, 0.30491277, 0.1111940698572896, 0.75], constraints = [0.13821016513380163, 0.029673707599311046, 1.0000000000065512e-05, 0.0009747719630104257, 2.4344169244279183, 1.1344270662143572, -0.7344270662142662, 0.15521076571509768, 0.006398895614714024, 3.240640139665629e-05, 1.2271655829227548, 0.547]
iteration = 96 , objective = 0.0990071782135, inputs = [0.68619613, 0.09518863, 0.14258078, 0.30491277, 0.11119405495612841, 0.7500000149011612], constraints = [0.1382106913802163, 0.029673707258744256, 1.0000000000065512e-05, 0.0009747743494085626, 2.4344169275412932, 1.1345761071033849, -0.7345761071032939, 0.15521076613836443, 0.0063988956266614674, 3.2407260382569804e-05, 1.2271655829227548, 0.547]
iteration = 97 , objective = 0.0990071782201, inputs = [0.68619613, 0.09518863, 0.14258078, 0.30491277, 0.11119405495612841, 0.75], constraints = [0.13821069144250578, 0.029673707258845418, 1.0000000000065512e-05, 0.0009747745161530475, 2.4344169277588406, 1.1345761141080857, -0.7345761141079947, 0.15521076623845714, 0.006398895627496293, 3.240732040239891e-05, 1.2271655829227548, 0.5470000000000036]
iteration = 98 , objective = 0.0990071783374, inputs = [0.6861961449011612, 0.09518863, 0.14258078, 0.30491277, 0.11119405495612841, 0.75], constraints = [0.13821068618921345, 0.029673705710644344, 1.0000000000065512e-05, 0.0009750357253938091, 2.434416836998982, 1.1345754840986046, -0.7345754840985137, 0.1552107569152259, 0.006398895459012684, 3.261080424408647e-05, 1.2271659297371533, 0.5470000000000036]
iteration = 99 , objective = 0.0990071762793, inputs = [0.68619613, 0.09518864490116119, 0.14258078, 0.30491277, 0.11119405495612841, 0.75], constraints = [0.1382109012746805, 0.02967369057349737, 1.0000000000065512e-05, 0.0009743478935592975, 2.434416470370237, 1.134585250042619, -0.7345852500425281, 0.1552108923292554, 0.006398911431586329, 3.2230475553660654e-05, 1.2271647495505766, 0.5469999999999964]
iteration = 100 , objective = 0.0990071796066, inputs = [0.68619613, 0.09518863, 0.14258079490116118, 0.30491277, 0.11119405495612841, 0.75], constraints = [0.1382105513791139, 0.02967370916237018, 1.0000000000065512e-05, 0.0009751052405590599, 2.4344170977101385, 1.1345697686456333, -0.7345697686455424, 0.15521067963309462, 0.006398894763682335, 3.258797669559499e-05, 1.227166695661308, 0.547]
iteration = 101 , objective = 0.0990071774344, inputs = [0.68619613, 0.09518863, 0.14258078, 0.3049127849011612, 0.11119405495612841, 0.75], constraints = [0.13821076777599955, 0.02967370666173453, 1.0000000000065512e-05, 0.0009746408280852847, 2.4344168798716055, 1.1345796575121767, -0.7345796575120858, 0.1552108146956357, 0.006398896177177878, 3.23259052083813e-05, 1.2271655829227548, 0.547]
iteration = 102 , objective = 0.0990071838614, inputs = [0.68619613, 0.09518863, 0.14258078, 0.30491277, 0.1111940698572896, 0.75], constraints = [0.13821016513380163, 0.029673707599311046, 1.0000000000065512e-05, 0.0009747719630104257, 2.4344169244279183, 1.1344270662143572, -0.7344270662142662, 0.15521076571509768, 0.006398895614714024, 3.240640139665629e-05, 1.2271655829227548, 0.547]
iteration = 103 , objective = 0.0990071782135, inputs = [0.68619613, 0.09518863, 0.14258078, 0.30491277, 0.11119405495612841, 0.7500000149011612], constraints = [0.1382106913802163, 0.029673707258744256, 1.0000000000065512e-05, 0.0009747743494085626, 2.4344169275412932, 1.1345761071033849, -0.7345761071032939, 0.15521076613836443, 0.0063988956266614674, 3.2407260382569804e-05, 1.2271655829227548, 0.547]
iteration = 104 , objective = 0.100365336329, inputs = [0.6772828989468148, 0.08982087126694172, 0.12490520323759982, 0.2551414620034919, 0.11054657291414446, 0.75], constraints = [0.002441339872104436, 0.035882740093468576, 1.0000000000065512e-05, -0.2485528083637496, 2.5780290375546864, -0.3924332720584971, 0.792433272058588, 0.045449902997986055, 0.0015666091275098187, -0.19413001402321242, -0.004568519210022714, 0.09139643258706565]
iteration = 105 , objective = 0.0996576363237, inputs = [0.6817855455588554, 0.09253247164276943, 0.13383427456428149, 0.28028415268323387, 0.1108736577619735, 0.75], constraints = [0.0719078928791314, 0.03283408996847558, 1.0000000000065512e-05, -0.04203872777776724, 2.5235913152637, 0.6777730509968478, -0.27777305099675687, 0.1050828592870264, 0.003648892157059498, -0.046512931186780404, 0.618876596902619, 0.42378273233513025]
iteration = 106 , objective = 0.0993307430236, inputs = [0.6839846857825594, 0.09385684594324138, 0.13819532743090404, 0.2925641087113421, 0.11103340946078581, 0.75], constraints = [0.1050014566942591, 0.03126816821341098, 1.0000000000065512e-05, -0.0010232198105950374, 2.482402585545453, 0.961842981849486, -0.5618429818493951, 0.13086283494598944, 0.004928253935583118, -0.010947463638674436, 0.9224424280567673, 0.547]
iteration = 107 , objective = 0.099169202978, inputs = [0.6850851192662307, 0.09451955303642456, 0.14037756599248571, 0.29870890777676107, 0.11111334802793654, 0.75], constraints = [0.12152884364917191, 0.03047762807958431, 1.0000000000065512e-05, 0.004965696572769502, 2.459280404224759, 1.061033521262516, -0.661033521262425, 0.14316310224903148, 0.005637064201770792, -0.0023113349010236563, 1.0741397468478753, 0.547]
iteration = 108 , objective = 0.0990885732486, inputs = [0.6856371052823613, 0.09485197208187855, 0.14147219387116053, 0.3017911869025536, 0.11115344583654693, 0.75], constraints = [0.12981742302987914, 0.030080950261527545, 1.0000000000065512e-05, 0.004258360595970317, 2.4471138046151246, 1.1008484732019497, -0.7008484732018587, 0.149194430233689, 0.006009807305351854, -0.0003355926186441138, 1.1501837853379075, 0.547]
iteration = 109 , objective = 0.0990481684881, inputs = [0.6859143888560797, 0.095018958813792, 0.1420220670947949, 0.30333953295883365, 0.11117358849115203, 0.75], constraints = [0.13398065569273604, 0.029881624612189746, 1.0000000000065512e-05, 0.0029543442357544336, 2.440862264725565, 1.1183955806482118, -0.7183955806481208, 0.1521900033434335, 0.0062013474666612264, 5.366450471683493e-05, 1.1883717275507935, 0.5469999999999964]
iteration = 110 , objective = 0.0990278781891, inputs = [0.6860538076332596, 0.09510292010171272, 0.14229854453417248, 0.3041180446857392, 0.11118371626120542, 0.75], constraints = [0.13607378034769863, 0.029780261136816963, 1.0000000000065512e-05, 0.00205699969452553, 2.437683842152095, 1.126602171939112, -0.726602171939021, 0.15368759806495155, 0.006298733046109714, 9.565953798528426e-05, 1.2075697529667087, 0.547]
iteration = 111 , objective = 0.0990176779918, inputs = [0.68612394007642, 0.09514515551914973, 0.14243762220143097, 0.3045096628776436, 0.11118881087809976, 0.75], constraints = [0.1371266432546472, 0.029727754591245742, 1.0000000000065512e-05, 0.0015441828112648182, 2.436076092887779, 1.1305746820764853, -0.7305746820763943, 0.15443877021283256, 0.006347993181831803, 7.771759803290479e-05, 1.21722627891314, 0.547]
iteration = 112 , objective = 0.099012550537, inputs = [0.6861592069877317, 0.09516639408797532, 0.1425075590171988, 0.30470659262113464, 0.11119137276521056, 0.75], constraints = [0.13765606184081844, 0.02970135051022456, 1.0000000000065512e-05, 0.0012706837093924151, 2.435265300710351, 1.1325322260627217, -0.7325322260626308, 0.15481594705692708, 0.006372832572119229, 5.877257244264911e-05, 1.222081987991316, 0.547]
iteration = 113 , objective = 0.0990099741016, inputs = [0.6861769315138644, 0.09517706821718505, 0.14254270802437316, 0.30480556602864284, 0.11119266032438017, 0.75], constraints = [0.13792212694960834, 0.029688080123804972, 1.0000000000065512e-05, 0.001129254910806594, 2.4348571985483867, 1.1335056327895927, -0.7335056327895018, 0.15500536408629487, 0.0063853335631988, 4.6733471335755895e-05, 1.2245223344107836, 0.547]
iteration = 114 , objective = 0.0990086817855, inputs = [0.6861858236674627, 0.09518242328257591, 0.1425603418030303, 0.3048552196405438, 0.11119330627529687, 0.75], constraints = [0.1380555976828873, 0.029681422485510145, 1.0000000000065512e-05, 0.0010572658586647777, 2.4346522600471436, 1.1339908775939875, -0.7339908775938966, 0.1551003486229252, 0.0063916092880899125, 4.004643492862669e-05, 1.2257466111442172, 0.547]
iteration = 115 , objective = 0.0990087178053, inputs = [0.6861858385686239, 0.09518242328257591, 0.1425603418030303, 0.3048552196405438, 0.11119330627529687, 0.75], constraints = [0.13805313972069416, 0.02968141321756438, 1.0000000000065512e-05, 0.0010465511268216688, 2.434637849609582, 1.1338363471984394, -0.7338363471983484, 0.15509813872580197, 0.006391554168489813, 3.629907736922178e-05, 1.2257469579176012, 0.5469999999999964]
iteration = 116 , objective = 0.0990087182555, inputs = [0.6861858236674627, 0.0951824381837371, 0.1425603418030303, 0.3048552196405438, 0.11119330627529687, 0.75], constraints = [0.13805318345767956, 0.02968139753940502, 1.0000000000065512e-05, 0.0010450963742118801, 2.4346364824299744, 1.13383536300762, -0.7338353630075289, 0.15509812042011611, 0.006391566304994163, 3.564268834452378e-05, 1.2257457778287681, 0.547]
iteration = 117 , objective = 0.0990087217583, inputs = [0.6861858236674627, 0.09518242328257591, 0.14256035670419148, 0.3048552196405438, 0.11119330627529687, 0.75], constraints = [0.13805282156035173, 0.029681416092383228, 1.0000000000065512e-05, 0.0010458006681051302, 2.43463703986289, 1.1338191332911265, -0.7338191332910355, 0.15509789701999566, 0.006391549361059415, 3.598125692178655e-05, 1.225747723893981, 0.5469999999999964]
iteration = 118 , objective = 0.0990087195987, inputs = [0.6861858236674627, 0.09518242328257591, 0.1425603418030303, 0.304855234541705, 0.11119330627529687, 0.75], constraints = [0.13805303709655709, 0.029681413589318445, 1.0000000000065512e-05, 0.0010453320049259673, 2.434636817144976, 1.1338289660463943, -0.7338289660463033, 0.15509803126320917, 0.0063915507601225025, 3.57174985833808e-05, 1.2257466111442172, 0.5470000000000036]
iteration = 119 , objective = 0.0990087260264, inputs = [0.6861858236674627, 0.09518242328257591, 0.1425603418030303, 0.3048552196405438, 0.11119332117645807, 0.75], constraints = [0.1380524344051446, 0.029681414526231888, 1.0000000000065512e-05, 0.001045462846996088, 2.4346368613421254, 1.1336763683391382, -0.7336763683390473, 0.15509798222164511, 0.006391550196272501, 3.579788351544266e-05, 1.2257466111442172, 0.5470000000000036]
iteration = 120 , objective = 0.0990087203782, inputs = [0.6861858236674627, 0.09518242328257591, 0.1425603418030303, 0.3048552196405438, 0.11119330627529687, 0.7500000149011612], constraints = [0.13805296068945244, 0.02968141418588799, 1.0000000000065512e-05, 0.0010454652140674625, 2.434636864430311, 1.1338254139971014, -0.7338254139970104, 0.1550979827168753, 0.006391550208123299, 3.579873555963786e-05, 1.2257466111442172, 0.5469999999999964]
iteration = 121 , objective = 0.0990087203852, inputs = [0.6861858236674627, 0.09518242328257591, 0.1425603418030303, 0.3048552196405438, 0.11119330627529687, 0.75], constraints = [0.13805296071096745, 0.029681414186014346, 1.0000000000065512e-05, 0.0010454653794613477, 2.434636864646094, 1.1338254149666227, -0.7338254149665318, 0.15509798272314512, 0.006391550208951394, 3.5798795092887307e-05, 1.2257466111442172, 0.5470000000000036]
iteration = 122 , objective = 0.0990087205021, inputs = [0.6861858385686239, 0.09518242328257591, 0.1425603418030303, 0.3048552196405438, 0.11119330627529687, 0.75], constraints = [0.13805295549104996, 0.029681412637640223, 1.0000000000065512e-05, 0.0010457265924060267, 2.434636773887607, 1.1338247901833256, -0.7338247901832347, 0.1550979734736849, 0.0063915500404581466, 3.600228227696789e-05, 1.2257469579176012, 0.547]
iteration = 123 , objective = 0.099008718444, inputs = [0.6861858236674627, 0.0951824381837371, 0.1425603418030303, 0.3048552196405438, 0.11119330627529687, 0.75], constraints = [0.1380531705815156, 0.029681397498886174, 1.0000000000065512e-05, 0.0010450387615605905, 2.434636407266109, 1.1338345548165307, -0.7338345548164398, 0.15509810886554903, 0.006391566016556223, 3.562195039648941e-05, 1.2257457778287681, 0.547]
iteration = 124 , objective = 0.0990087217714, inputs = [0.6861858236674627, 0.09518242328257591, 0.14256035670419148, 0.3048552196405438, 0.11119330627529687, 0.75], constraints = [0.13805282067255392, 0.029681416089544388, 1.0000000000065512e-05, 0.0010457966425292398, 2.434637034610965, 1.1338190787719213, -0.7338190787718304, 0.15509789624153997, 0.0063915493409054044, 3.597980789891153e-05, 1.225747723893981, 0.5470000000000036]
iteration = 125 , objective = 0.0990087195991, inputs = [0.6861858236674627, 0.09518242328257591, 0.1425603418030303, 0.304855234541705, 0.11119330627529687, 0.75], constraints = [0.13805303708577413, 0.029681413589086686, 1.0000000000065512e-05, 0.0010453317236579097, 2.434636816778009, 1.133828967136651, -0.7338289671365601, 0.1550980312975348, 0.006391550758714365, 3.57173973384306e-05, 1.2257466111442172, 0.547]
iteration = 126 , objective = 0.0990087260264, inputs = [0.6861858236674627, 0.09518242328257591, 0.1425603418030303, 0.3048552196405438, 0.11119332117645807, 0.75], constraints = [0.13805243440431877, 0.029681414526215665, 1.0000000000065512e-05, 0.0010454628273282652, 2.434636861316485, 1.1336763685767437, -0.7336763685766527, 0.15509798222375829, 0.006391550196174184, 3.5797876439573887e-05, 1.2257466111442172, 0.5470000000000036]
iteration = 127 , objective = 0.0990087203787, inputs = [0.6861858236674627, 0.09518242328257591, 0.1425603418030303, 0.3048552196405438, 0.11119330627529687, 0.7500000149011612], constraints = [0.1380529606416276, 0.029681414185917868, 1.0000000000065512e-05, 0.0010454652127032205, 2.434636864428521, 1.1338254118020359, -0.7338254118019449, 0.15509798265357516, 0.00639155020811661, 3.579873506396325e-05, 1.2257466111442172, 0.5469999999999964]
iteration = 128 , objective = 0.099008720385, inputs = [0.6861858236674627, 0.09518242328257591, 0.1425603418030303, 0.3048552196405438, 0.11119330627529687, 0.75], constraints = [0.13805296073061618, 0.02968141418600137, 1.0000000000065512e-05, 0.001045465379372672, 2.434636864645967, 1.1338254189388408, -0.7338254189387499, 0.15509798277643796, 0.006391550208950943, 3.5798795058781254e-05, 1.2257466111442172, 0.547]
iteration = 129 , objective = 0.0990087205029, inputs = [0.6861858385686239, 0.09518242328257591, 0.1425603418030303, 0.3048552196405438, 0.11119330627529687, 0.75], constraints = [0.13805295541567467, 0.029681412637689385, 1.0000000000065512e-05, 0.0010457265924037529, 2.4346367738875996, 1.1338247810233497, -0.7338247810232588, 0.15509797332359093, 0.006391550040458119, 3.600228227696789e-05, 1.2257469579176012, 0.547]
iteration = 130 , objective = 0.099008718444, inputs = [0.6861858236674627, 0.0951824381837371, 0.1425603418030303, 0.3048552196405438, 0.11119330627529687, 0.75], constraints = [0.1380531705815156, 0.029681397498886174, 1.0000000000065512e-05, 0.0010450387615605905, 2.434636407266109, 1.1338345548165307, -0.7338345548164398, 0.15509810886554903, 0.006391566016556223, 3.562195039648941e-05, 1.2257457778287681, 0.547]
iteration = 131 , objective = 0.0990087217714, inputs = [0.6861858236674627, 0.09518242328257591, 0.14256035670419148, 0.3048552196405438, 0.11119330627529687, 0.75], constraints = [0.13805282067255392, 0.029681416089544388, 1.0000000000065512e-05, 0.0010457966425292398, 2.434637034610965, 1.1338190787719213, -0.7338190787718304, 0.15509789624153997, 0.0063915493409054044, 3.597980789891153e-05, 1.225747723893981, 0.5470000000000036]
iteration = 132 , objective = 0.0990087195991, inputs = [0.6861858236674627, 0.09518242328257591, 0.1425603418030303, 0.304855234541705, 0.11119330627529687, 0.75], constraints = [0.13805303708577413, 0.029681413589086686, 1.0000000000065512e-05, 0.0010453317236579097, 2.434636816778009, 1.133828967136651, -0.7338289671365601, 0.1550980312975348, 0.006391550758714365, 3.57173973384306e-05, 1.2257466111442172, 0.547]
iteration = 133 , objective = 0.0990087260264, inputs = [0.6861858236674627, 0.09518242328257591, 0.1425603418030303, 0.3048552196405438, 0.11119332117645807, 0.75], constraints = [0.13805243440431877, 0.029681414526215665, 1.0000000000065512e-05, 0.0010454628273282652, 2.434636861316485, 1.1336763685767437, -0.7336763685766527, 0.15509798222375829, 0.006391550196174184, 3.5797876439573887e-05, 1.2257466111442172, 0.5470000000000036]
iteration = 134 , objective = 0.0990087203787, inputs = [0.6861858236674627, 0.09518242328257591, 0.1425603418030303, 0.3048552196405438, 0.11119330627529687, 0.7500000149011612], constraints = [0.1380529606416276, 0.029681414185917868, 1.0000000000065512e-05, 0.0010454652127032205, 2.434636864428521, 1.1338254118020359, -0.7338254118019449, 0.15509798265357516, 0.00639155020811661, 3.579873506396325e-05, 1.2257466111442172, 0.5469999999999964]
iteration = 135 , objective = 0.0980756046455, inputs = [0.716784435495006, 0.09756909238646662, 0.11839769118142708, 0.29725159187739714, 0.11212881804277852, 0.75], constraints = [0.2653105606175923, 0.020916463113841093, 1.0000000000065512e-05, -0.5854033837537486, 1.794263349714478, -3.029550250351349, 3.42955025035144, 0.22373256469859798, 0.011878292755766011, -0.21598415106564972, -0.09684050421565189, 0.547]
iteration = 136 , objective = 0.0989811806179, inputs = [0.6892456848502171, 0.09542109019296499, 0.14014407674086996, 0.30409485686422916, 0.11128685745204504, 0.75], constraints = [0.1469780635736861, 0.02879250476287039, 1.0000000000065512e-05, -0.042733238127893855, 2.3333243984724397, 0.5041562747230728, -0.10415627472298183, 0.15879045323692723, 0.006565903568984864, -0.003506241216100534, 1.1022061690986849, 0.547]
iteration = 137 , objective = 0.0988868581163, inputs = [0.6892456997513783, 0.09542109019296499, 0.14014407674086996, 0.30409485686422916, 0.11128685745204504, 0.75], constraints = [0.15340391835372794, 0.028814133942907563, 1.0000000000065512e-05, -0.013671669229029248, 2.3712297960473663, 0.9031409309204719, -0.5031409309203809, 0.16450065169218958, 0.006710762191404124, 0.006927245155211494, 1.102206510326263, 0.547]
iteration = 138 , objective = 0.0988802197038, inputs = [0.6892456848502171, 0.09542110509412619, 0.14014407674086996, 0.30409485686422916, 0.11128685745204504, 0.75], constraints = [0.1538560960431496, 0.028815653095660906, 1.0000000000065512e-05, -0.01162743524971347, 2.3738987496050723, 0.9311533699326446, -0.5311533699325537, 0.1649016062584355, 0.00672099032859879, 0.007661582672990335, 1.102205347513689, 0.5470000000000036]
iteration = 139 , objective = 0.0988797555634, inputs = [0.6892456848502171, 0.09542109019296499, 0.14014409164203115, 0.30409485686422916, 0.11128685745204504, 0.75], constraints = [0.1538875836077241, 0.028815779761868186, 1.0000000000065512e-05, -0.011482590833309133, 2.3740873887029013, 0.93311046275835, -0.533110462758259, 0.16492962800305797, 0.006721692776126803, 0.007713730313230372, 1.1022072878979525, 0.547]
iteration = 140 , objective = 0.0988797205822, inputs = [0.6892456848502171, 0.09542109019296499, 0.14014407674086996, 0.30409487176539035, 0.11128685745204504, 0.75], constraints = [0.15389003219493316, 0.02881578486709921, 1.0000000000065512e-05, -0.011472981542706293, 2.3741004033201754, 0.9332585395472961, -0.5332585395472051, 0.1649317414506882, 0.006721745257439869, 0.007717069062985047, 1.1022061690986849, 0.547]
iteration = 141 , objective = 0.0988797246446, inputs = [0.6892456848502171, 0.09542109019296499, 0.14014407674086996, 0.30409485686422916, 0.11128687235320624, 0.75], constraints = [0.15388959171912575, 0.02881578635518403, 1.0000000000065512e-05, -0.011472135672484, 2.3741013808355635, 0.9331159536000087, -0.5331159535999177, 0.16493183553813892, 0.006721748274383217, 0.0077174062434824005, 1.1022061690986849, 0.547]
iteration = 142 , objective = 0.0988797188361, inputs = [0.6892456848502171, 0.09542109019296499, 0.14014407674086996, 0.30409485686422916, 0.11128685745204504, 0.7500000149011612], constraints = [0.15389012829736748, 0.028815786031376252, 1.0000000000065512e-05, -0.011472082934660647, 2.374101449680511, 0.9332656872375082, -0.5332656872374173, 0.16493184587245366, 0.006721748537794718, 0.007717425192690825, 1.1022061690986849, 0.5469999999999964]
iteration = 143 , objective = 0.0988797188373, inputs = [0.6892456848502171, 0.09542109019296499, 0.14014407674086996, 0.30409485686422916, 0.11128685745204504, 0.75], constraints = [0.15389012911316605, 0.028815786034168046, 1.0000000000065512e-05, -0.011472079220425258, 2.3741014545291583, 0.9332657450167972, -0.5332657450167062, 0.16493184670274702, 0.006721748556346295, 0.007717426527251519, 1.1022061690986849, 0.5470000000000036]
iteration = 144 , objective = 0.0988797189622, inputs = [0.6892456997513783, 0.09542109019296499, 0.14014407674086996, 0.30409485686422916, 0.11128685745204504, 0.75], constraints = [0.15389012314684805, 0.028815784500395805, 1.0000000000065512e-05, -0.011471819153705383, 2.3741013637179496, 0.9332650899173132, -0.5332650899172222, 0.16493183700233588, 0.006721748388827921, 0.007717628862005768, 1.102206510326263, 0.547]
iteration = 145 , objective = 0.0988797169369, inputs = [0.6892456848502171, 0.09542110509412619, 0.14014407674086996, 0.30409485686422916, 0.11128685745204504, 0.75], constraints = [0.15389033572024347, 0.02881576939613427, 1.0000000000065512e-05, -0.011472512142381675, 2.374100988342423, 0.933274483508967, -0.5332744835088761, 0.16493196729571089, 0.006721764121040585, 0.007717247809805486, 1.102205347513689, 0.5469999999999964]
iteration = 146 , objective = 0.0988797201586, inputs = [0.6892456848502171, 0.09542109019296499, 0.14014409164203115, 0.30409485686422916, 0.11128685745204504, 0.75], constraints = [0.15388999465824235, 0.028815787953259224, 1.0000000000065512e-05, -0.011471679877161023, 2.3741016320659036, 0.9332598550995499, -0.533259855099459, 0.16493176636060838, 0.006721747273420453, 0.007717650723052429, 1.1022072878979525, 0.547]
iteration = 147 , objective = 0.0988797180887, inputs = [0.6892456848502171, 0.09542109019296499, 0.14014407674086996, 0.30409487176539035, 0.11128685745204504, 0.75], constraints = [0.1538902019997695, 0.028815785444009083, 1.0000000000065512e-05, -0.011472213100612407, 2.3741014064588453, 0.9332690567398458, -0.5332690567397549, 0.16493189199055394, 0.006721749095603864, 0.00771734517157256, 1.1022061690986849, 0.547]
iteration = 148 , objective = 0.0988797244687, inputs = [0.6892456848502171, 0.09542109019296499, 0.14014407674086996, 0.30409485686422916, 0.11128687235320624, 0.75], constraints = [0.15388960370390123, 0.02881578639579708, 1.0000000000065512e-05, -0.011472081552274176, 2.3741014514851195, 0.9331166958029371, -0.5331166958028462, 0.16493184616781492, 0.0067217485446993686, 0.007717425689397714, 1.1022061690986849, 0.547]
iteration = 149 , objective = 0.0988797188246, inputs = [0.6892456848502171, 0.09542109019296499, 0.14014407674086996, 0.30409485686422916, 0.11128685745204504, 0.7500000149011612], constraints = [0.15389012905695926, 0.02881578603429514, 1.0000000000065512e-05, -0.011472079123061576, 2.3741014546562544, 0.9332657405309419, -0.533265740530851, 0.16493184664035637, 0.006721748556832545, 0.007717426562235233, 1.1022061690986849, 0.5470000000000036]
iteration = 150 , objective = 0.0988797188425, inputs = [0.6892456848502171, 0.09542109019296499, 0.14014407674086996, 0.30409485686422916, 0.11128685745204504, 0.75], constraints = [0.15389012860633375, 0.028815786034761627, 1.0000000000065512e-05, -0.01147207895197198, 2.37410145487959, 0.9332657371323876, -0.5332657371322966, 0.16493184656280563, 0.006721748557687125, 0.007717426623707979, 1.1022061690986849, 0.5469999999999964]
iteration = 151 , objective = 0.0988797189615, inputs = [0.6892456997513783, 0.09542109019296499, 0.14014407674086996, 0.30409485686422916, 0.11128685745204504, 0.75], constraints = [0.15389012321511472, 0.02881578450036555, 1.0000000000065512e-05, -0.01147181913481063, 2.3741013637426294, 0.9332650953203938, -0.5332650953203029, 0.16493183710268083, 0.006721748388922241, 0.007717628868799693, 1.102206510326263, 0.547]
iteration = 152 , objective = 0.0988797169384, inputs = [0.6892456848502171, 0.09542110509412619, 0.14014407674086996, 0.30409485686422916, 0.11128685745204504, 0.75], constraints = [0.1538903355862458, 0.02881576939622814, 1.0000000000065512e-05, -0.011472512141060633, 2.3741009883441584, 0.9332744833541256, -0.5332744833540346, 0.164931967285073, 0.00672176412104715, 0.0077172478102784225, 1.102205347513689, 0.547]
iteration = 153 , objective = 0.0988797201588, inputs = [0.6892456848502171, 0.09542109019296499, 0.14014409164203115, 0.30409485686422916, 0.11128685745204504, 0.75], constraints = [0.15388999463388245, 0.02881578795327623, 1.0000000000065512e-05, -0.011471679877065526, 2.3741016320660235, 0.9332598503294776, -0.5332598503293866, 0.16493176629461068, 0.0067217472734209804, 0.007717650723088809, 1.1022072878979525, 0.5469999999999964]
iteration = 154 , objective = 0.0988797180878, inputs = [0.6892456848502171, 0.09542109019296499, 0.14014407674086996, 0.30409487176539035, 0.11128685745204504, 0.75], constraints = [0.1538902020784335, 0.02881578544395448, 1.0000000000065512e-05, -0.011472213100612407, 2.3741014064588524, 0.9332690558912873, -0.5332690558911963, 0.1649318919763907, 0.006721749095603892, 0.00771734517157256, 1.1022061690986849, 0.547]
iteration = 155 , objective = 0.0988797244687, inputs = [0.6892456848502171, 0.09542109019296499, 0.14014407674086996, 0.30409485686422916, 0.11128687235320624, 0.75], constraints = [0.15388960370390123, 0.02881578639579708, 1.0000000000065512e-05, -0.011472081552274176, 2.3741014514851195, 0.9331166958029371, -0.5331166958028462, 0.16493184616781492, 0.0067217485446993686, 0.007717425689397714, 1.1022061690986849, 0.547]
iteration = 156 , objective = 0.0988797188246, inputs = [0.6892456848502171, 0.09542109019296499, 0.14014407674086996, 0.30409485686422916, 0.11128685745204504, 0.7500000149011612], constraints = [0.15389012905695926, 0.02881578603429514, 1.0000000000065512e-05, -0.011472079123061576, 2.3741014546562544, 0.9332657405309419, -0.533265740530851, 0.16493184664035637, 0.006721748556832545, 0.007717426562235233, 1.1022061690986849, 0.5470000000000036]
iteration = 157 , objective = 0.0988733646184, inputs = [0.7305708948045242, 0.08669119858012438, 0.10644920210246867, 0.3073245492101193, 0.11200980539499873, 0.75], constraints = [0.18923938863853618, 0.030726854329280615, 1.0000000000065512e-05, -1.0033579799966605, 1.819988337534498, -5.366025691078903, 5.766025691078994, 0.1731900857306094, 0.005078801824230213, -0.4855812907741051, -0.26956753950084933, 0.3009014404075533]
iteration = 158 , objective = 0.0988684711139, inputs = [0.6933782058456478, 0.09454810103168092, 0.13677458927702982, 0.3044178260988182, 0.11135915224634041, 0.75], constraints = [0.16039485541667456, 0.02890380562719415, 1.0000000000065512e-05, -0.05367942107527597, 2.2871341447339364, 0.36688162042764816, 0.03311837957244279, 0.16644149614614356, 0.005947642452132522, 0.002164945801723661, 0.9894421941857964, 0.547]
iteration = 159 , objective = 0.0987867458701, inputs = [0.693378220746809, 0.09454810103168092, 0.13677458927702982, 0.3044178260988182, 0.11135915224634041, 0.75], constraints = [0.16595056188773377, 0.028922077127992468, 1.0000000000065512e-05, -0.02835924507708569, 2.3201674728692816, 0.7079370523345005, -0.3079370523344096, 0.1713275750300916, 0.006073584125841018, 0.011241057372344584, 0.9894425297446032, 0.547]
iteration = 160 , objective = 0.0987809618905, inputs = [0.6933782058456478, 0.09454811593284211, 0.13677458927702982, 0.3044178260988182, 0.11135915224634041, 0.75], constraints = [0.16634371954934613, 0.028923363983442182, 1.0000000000065512e-05, -0.02656841139208609, 2.322505978050456, 0.7320260546632653, -0.33202605466317436, 0.17167271482912944, 0.006082525878244406, 0.011883283549104817, 0.9894413739009033, 0.5470000000000036]
iteration = 161 , objective = 0.0987805556244, inputs = [0.6933782058456478, 0.09454810103168092, 0.136774604178191, 0.3044178260988182, 0.11135915224634041, 0.75], constraints = [0.16637120797486932, 0.028923475054536317, 1.0000000000065512e-05, -0.02644062716286271, 2.3226722579777417, 0.7337168134215517, -0.33371681342146076, 0.17169694826241866, 0.006083140286666844, 0.011929250451080406, 0.989443328261772, 0.547]
iteration = 162 , objective = 0.0987805247248, inputs = [0.6933782058456478, 0.09454810103168092, 0.13677458927702982, 0.30441784099997937, 0.11135915224634041, 0.75], constraints = [0.16637337098766147, 0.028923479111696307, 1.0000000000065512e-05, -0.02643226861942594, 2.3226837520374684, 0.733845879820592, -0.33384587982050107, 0.1716987918143804, 0.006083187486820074, 0.011932109132610549, 0.9894421941857964, 0.547]
iteration = 163 , objective = 0.0987805289758, inputs = [0.6933782058456478, 0.09454810103168092, 0.13677458927702982, 0.3044178260988182, 0.1113591671475016, 0.75], constraints = [0.1663729192955725, 0.02892348049378478, 1.0000000000065512e-05, -0.026431500119854262, 2.3226846278465856, 0.7337023584716462, -0.33370235847155527, 0.17169887245931648, 0.00608319009808251, 0.011932418203446104, 0.9894421941857964, 0.5470000000000036]
iteration = 164 , objective = 0.0987805232082, inputs = [0.6933782058456478, 0.09454810103168092, 0.13677458927702982, 0.3044178260988182, 0.11135915224634041, 0.7500000149011612], constraints = [0.1663734520456019, 0.028923480178618538, 1.0000000000065512e-05, -0.02643145261901509, 2.3226846898632756, 0.733852008195754, -0.3338520081956631, 0.17169888160032123, 0.006083190334771442, 0.01193243524249283, 0.9894421941857964, 0.5469999999999964]
iteration = 165 , objective = 0.0987805232153, inputs = [0.6933782058456478, 0.09454810103168092, 0.13677458927702982, 0.3044178260988182, 0.11135915224634041, 0.75], constraints = [0.16637345277420174, 0.0289234801810708, 1.0000000000065512e-05, -0.026431449255455847, 2.32268469425472, 0.7338520524649539, -0.33385205246486294, 0.171698882232565, 0.006083190351531646, 0.011932436449039869, 0.9894421941857964, 0.547]
iteration = 166 , objective = 0.0987805233368, inputs = [0.693378220746809, 0.09454810103168092, 0.13677458927702982, 0.3044178260988182, 0.11135915224634041, 0.75], constraints = [0.16637344714127902, 0.028923478647870884, 1.0000000000065512e-05, -0.02643119092958159, 2.322684603216152, 0.7338514098564701, -0.3338514098563792, 0.1716988727426177, 0.0060831901820144405, 0.011932637303107185, 0.9894425297446032, 0.5469999999999964]
iteration = 167 , objective = 0.0987805212941, inputs = [0.6933782058456478, 0.09454811593284211, 0.13677458927702982, 0.3044178260988182, 0.11135915224634041, 0.75], constraints = [0.16637366203576676, 0.028923463268098422, 1.0000000000065512e-05, -0.02643189143082964, 2.3226842167639954, 0.7338607130766377, -0.33386071307654674, 0.17169900176910993, 0.006083206129388785, 0.011932254521414052, 0.9894413739009033, 0.5469999999999964]
iteration = 168 , objective = 0.0987805244254, inputs = [0.6933782058456478, 0.09454810103168092, 0.136774604178191, 0.3044178260988182, 0.11135915224634041, 0.75], constraints = [0.16637332823602993, 0.028923482085140645, 1.0000000000065512e-05, -0.026430960119994323, 2.322684879185883, 0.7338467287697767, -0.3338467287696858, 0.17169880968980636, 0.006083188455947283, 0.011932718119828678, 0.989443328261772, 0.5470000000000036]
iteration = 169 , objective = 0.0987805225153, inputs = [0.6933782058456478, 0.09454810103168092, 0.13677458927702982, 0.30441784099997937, 0.11135915224634041, 0.75], constraints = [0.1663735211518142, 0.02892347960952145, 1.0000000000065512e-05, -0.026431584089148145, 2.3226846457544887, 0.7338550843908251, -0.3338550843907342, 0.17169892369446876, 0.006083190897723141, 0.011932354680789103, 0.9894421941857964, 0.547]
iteration = 170 , objective = 0.0987805288191, inputs = [0.6933782058456478, 0.09454810103168092, 0.13677458927702982, 0.3044178260988182, 0.1113591671475016, 0.75], constraints = [0.16637292994636663, 0.02892348052902475, 1.0000000000065512e-05, -0.026431451647761152, 2.3226846911313443, 0.7337030136682188, -0.3337030136681278, 0.17169888184482254, 0.006083190339611001, 0.011932435590895239, 0.9894421941857964, 0.5469999999999964]
iteration = 171 , objective = 0.0987805231971, inputs = [0.6933782058456478, 0.09454810103168092, 0.13677458927702982, 0.3044178260988182, 0.11135915224634041, 0.7500000149011612], constraints = [0.16637345280145382, 0.028923480181112633, 1.0000000000065512e-05, -0.02643144918668213, 2.3226846943445127, 0.7338520545747542, -0.33385205457466327, 0.17169888226701033, 0.006083190351874358, 0.01193243647370764, 0.9894421941857964, 0.547]
iteration = 172 , objective = 0.0987805232144, inputs = [0.6933782058456478, 0.09454810103168092, 0.13677458927702982, 0.3044178260988182, 0.11135915224634041, 0.75], constraints = [0.16637345284120603, 0.028923480181238463, 1.0000000000065512e-05, -0.026431449012393388, 2.3226846945720427, 0.7338520570206128, -0.3338520570205219, 0.17169888230312047, 0.006083190352742726, 0.011932436536221757, 0.9894421941857964, 0.5469999999999964]
iteration = 173 , objective = 0.0987805233371, inputs = [0.693378220746809, 0.09454810103168092, 0.13677458927702982, 0.3044178260988182, 0.11135915224634041, 0.75], constraints = [0.1663734471159587, 0.028923478647902935, 1.0000000000065512e-05, -0.02643119091236713, 2.3226846032386237, 0.7338514049624791, -0.3338514049623882, 0.17169887267275358, 0.006083190182100205, 0.011932637309278106, 0.9894425297446032, 0.547]
iteration = 174 , objective = 0.0987805212945, inputs = [0.6933782058456478, 0.09454811593284211, 0.13677458927702982, 0.3044178260988182, 0.11135915224634041, 0.75], constraints = [0.16637366200278483, 0.02892346326812155, 1.0000000000065512e-05, -0.026431891429613188, 2.322684216765585, 0.7338607066569693, -0.3338607066568784, 0.1716990016790721, 0.00608320612939478, 0.01193225452185061, 0.9894413739009033, 0.547]
iteration = 175 , objective = 0.0987805244251, inputs = [0.6933782058456478, 0.09454810103168092, 0.136774604178191, 0.3044178260988182, 0.11135915224634041, 0.75], constraints = [0.16637332825755585, 0.02892348208512631, 1.0000000000065512e-05, -0.026430960119914745, 2.3226848791859993, 0.7338467328754632, -0.33384673287537225, 0.1716988097460451, 0.00608318845594772, 0.011932718119862785, 0.989443328261772, 0.5470000000000036]
iteration = 176 , objective = 0.0987805225156, inputs = [0.6933782058456478, 0.09454810103168092, 0.13677458927702982, 0.30441784099997937, 0.11135915224634041, 0.75], constraints = [0.1663735211242165, 0.028923479609539934, 1.0000000000065512e-05, -0.026431584089134503, 2.3226846457545, 0.7338550790564113, -0.3338550790563204, 0.17169892362138411, 0.006083190897723169, 0.011932354680793652, 0.9894421941857964, 0.5469999999999964]
iteration = 177 , objective = 0.0987805288191, inputs = [0.6933782058456478, 0.09454810103168092, 0.13677458927702982, 0.3044178260988182, 0.1113591671475016, 0.75], constraints = [0.16637292994636663, 0.02892348052902475, 1.0000000000065512e-05, -0.026431451647761152, 2.3226846911313443, 0.7337030136682188, -0.3337030136681278, 0.17169888184482254, 0.006083190339611001, 0.011932435590895239, 0.9894421941857964, 0.5469999999999964]
iteration = 178 , objective = 0.0987805231971, inputs = [0.6933782058456478, 0.09454810103168092, 0.13677458927702982, 0.3044178260988182, 0.11135915224634041, 0.7500000149011612], constraints = [0.16637345280145382, 0.028923480181112633, 1.0000000000065512e-05, -0.02643144918668213, 2.3226846943445127, 0.7338520545747542, -0.33385205457466327, 0.17169888226701033, 0.006083190351874358, 0.01193243647370764, 0.9894421941857964, 0.547]
iteration = 179 , objective = 0.0992329061728, inputs = [0.6898368252921866, 0.08873321450290714, 0.13781861356494599, 0.31264946657745085, 0.11116348303721672, 0.75], constraints = [0.11258120988394876, 0.03564326641735978, 1.0000000000065512e-05, 0.03663402840877325, 2.507140897352983, 0.21684259277208184, 0.1831574072280091, 0.1374514782645278, -0.0005002212786621267, 0.006754015421972781, 1.3242843719372723, -0.517799145088]
iteration = 180 , objective = 0.0989092296194, inputs = [0.6919464596927071, 0.09219719824343872, 0.13719667827176937, 0.3077457993029841, 0.11128004506393441, 0.75], constraints = [0.14883958693983368, 0.031639968895898825, 1.0000000000065512e-05, 0.009472015984740664, 2.410709483135597, 0.7796357169911516, -0.3796357169910607, 0.16145546747160927, 0.0036225588696648103, 0.013622925229783504, 1.1211170485036692, 0.2846344592084752]
iteration = 181 , objective = 0.0987985114555, inputs = [0.6930596777966413, 0.09402508340247027, 0.1368684936215432, 0.3051582176896678, 0.11134155285805329, 0.75], constraints = [0.16325219603231744, 0.029535521542354032, 1.0000000000065512e-05, -0.015816550362349063, 2.3456799431674265, 0.7905864639387801, -0.3905864639386891, 0.1700823190328787, 0.005564905519850796, 0.013255089579290598, 1.0183231054703683, 0.5469999999999964]
iteration = 182 , objective = 0.0987797768344, inputs = [0.6933463530407472, 0.09449579926875985, 0.13678397971148115, 0.3044918652579031, 0.1113573923075117, 0.75], constraints = [0.16623565588138445, 0.028985332915662, 1.0000000000065512e-05, -0.02459752213773754, 2.3259921852520384, 0.7501656837389419, -0.35016568373885093, 0.17168957320518602, 0.006035608678636548, 0.012341842817158976, 0.9923198567360924, 0.5470000000000036]
iteration = 183 , objective = 0.0987802715402, inputs = [0.6933750205651578, 0.09454287085538882, 0.13677552832047496, 0.30442523001472666, 0.11135897625245754, 0.75], constraints = [0.1663717164958398, 0.02892970308706426, 1.0000000000065512e-05, -0.02619334254133264, 2.323086868071714, 0.7362207982646396, -0.33622079826454865, 0.1717085156786176, 0.0060787086976785976, 0.01199300176648876, 0.9897298566384543, 0.5470000000000036]
iteration = 184 , objective = 0.0987804855387, inputs = [0.6933778873175988, 0.09454757801405171, 0.13677468318137434, 0.30441856649040905, 0.11135913464695212, 0.75], constraints = [0.16637412936931287, 0.028924105269841717, 1.0000000000065512e-05, -0.026403763974130925, 2.3227299701485973, 0.734141019313256, -0.3341410193131651, 0.17170059194490683, 0.0060827615308231, 0.011939882802687407, 0.9894709593935167, 0.547]
iteration = 185 , objective = 0.0987805185611, inputs = [0.6933781739928429, 0.094548048729918, 0.13677459866746428, 0.30441790013797726, 0.11135915048640159, 0.75], constraints = [0.1663735806896948, 0.028923542889436563, 1.0000000000065512e-05, -0.026428406150496356, 2.322689580327391, 0.7338846442305567, -0.3338846442304657, 0.171699106147236, 0.006083148838008014, 0.011933279577378926, 0.9894450706961925, 0.5469999999999964]
iteration = 186 , objective = 0.0987805226863, inputs = [0.6933782026603673, 0.09454809580150463, 0.13677459021607327, 0.3044178335027341, 0.11135915207034652, 0.75], constraints = [0.16637346988668286, 0.028923486466195657, 1.0000000000065512e-05, -0.02643112528763595, 2.322685208526389, 0.7338555764924877, -0.3338555764923967, 0.17169890842333685, 0.006083186298132252, 0.011932527813150955, 0.9894424818367316, 0.547]
iteration = 187 , objective = 0.0987805231568, inputs = [0.6933782055271197, 0.09454810050866329, 0.13677458937093417, 0.30441782683920976, 0.111359152228741, 0.75], constraints = [0.16637345487336644, 0.028923480810727757, 1.0000000000065512e-05, -0.026431415252347962, 2.3226847477790686, 0.7338524318649888, -0.3338524318648979, 0.17169888524162644, 0.0060831899541955725, 0.01193244616164975, 0.9894422229508855, 0.5469999999999964]
iteration = 188 , objective = 0.0987805232083, inputs = [0.693378205813795, 0.09454810097937916, 0.13677458928642025, 0.30441782617285734, 0.11135915224458047, 0.75], constraints = [0.1663734530612528, 0.028923480244271577, 1.0000000000065512e-05, -0.026431445527043705, 2.322684700035519, 0.7338520951971077, -0.33385209519701675, 0.171698882603458, 0.006083190313432754, 0.011932437537989244, 0.9894421970622989, 0.547]
iteration = 189 , objective = 0.0987805232137, inputs = [0.6933782058424626, 0.09454810102645075, 0.13677458927796887, 0.3044178261062221, 0.11135915224616443, 0.75], constraints = [0.16637345286630806, 0.02892348018755616, 1.0000000000065512e-05, -0.026431448645018916, 2.322684695142998, 0.7338520610048818, -0.3338520610047908, 0.17169888233477765, 0.006083190348905719, 0.011932436643155598, 0.9894421944734477, 0.547]
iteration = 190 , objective = 0.0987805233374, inputs = [0.6933782207436238, 0.09454810102645075, 0.13677458927796887, 0.3044178261062221, 0.11135915224616443, 0.75], constraints = [0.16637344707494411, 0.028923478654022255, 1.0000000000065512e-05, -0.02643119082267731, 2.322684603447029, 0.7338514046793989, -0.33385140467930796, 0.17169887264061678, 0.006083190176879527, 0.011932637316604086, 0.9894425300322564, 0.547]
iteration = 191 , objective = 0.0987805212944, inputs = [0.6933782058424626, 0.09454811592761195, 0.13677458927796887, 0.3044178261062221, 0.11135915224616443, 0.75], constraints = [0.16637366200165707, 0.028923463274196724, 1.0000000000065512e-05, -0.026431891359604835, 2.3226842169483133, 0.7338607135877737, -0.33386071358768277, 0.1716990017538464, 0.006083206124076063, 0.011932254522121185, 0.9894413741885565, 0.547]
iteration = 192 , objective = 0.0987805244257, inputs = [0.6933782058424626, 0.09454810102645075, 0.13677460417913007, 0.3044178261062221, 0.11135915224616443, 0.75], constraints = [0.16637332819619768, 0.02892348209124071, 1.0000000000065512e-05, -0.026430960051272906, 2.3226848793669124, 0.7338467287859203, -0.3338467287858293, 0.1716988096650116, 0.0060831884506219805, 0.011932718119633137, 0.9894433285494252, 0.547]
iteration = 193 , objective = 0.098780522516, inputs = [0.6933782058424626, 0.09454810102645075, 0.13677458927796887, 0.3044178410073833, 0.11135915224616443, 0.75], constraints = [0.16637352107430342, 0.028923479615646792, 1.0000000000065512e-05, -0.02643158402059271, 2.322684645935282, 0.7338550781289541, -0.33385507812886317, 0.17169892357910932, 0.00608319089239704, 0.011932354680527623, 0.9894421944734477, 0.547]
iteration = 194 , objective = 0.0987805288198, inputs = [0.6933782058424626, 0.09454810102645075, 0.13677458927796887, 0.3044178261062221, 0.11135916714732562, 0.75], constraints = [0.1663729298746075, 0.028923480535146137, 1.0000000000065512e-05, -0.026431451579233, 2.3226846913121224, 0.7337030086650884, -0.33370300866499747, 0.17169888174571496, 0.006083190334285074, 0.011932435590624664, 0.9894421944734477, 0.5469999999999964]
iteration = 195 , objective = 0.0987805231974, inputs = [0.6933782058424626, 0.09454810102645075, 0.13677458927796887, 0.3044178261062221, 0.11135915224616443, 0.7500000149011612], constraints = [0.16637345276297855, 0.028923480187211803, 1.0000000000065512e-05, -0.026431449118147158, 2.322684694525291, 0.7338520546904874, -0.33385205469039647, 0.17169888224471244, 0.006083190346548202, 0.011932436473441612, 0.9894421944734477, 0.547]
