 Pareto results 
Pareto Frontier. Run number: 0 
[2007.81108322] 
[[0.03981635]] 
[[1391.00241696]] 
23029.8857681 
[-5.24931521e-05 -6.53197861e-05  6.11511790e-02  1.80295532e-03
 -2.41696301e-05  1.99999993e-02  7.43273176e-10  1.21475856e-02
  4.16352943e-04  6.51803072e-03  8.71895262e-04  5.84940901e-01] 
[1.00174748 1.00736097 1.00105805 1.00060894 1.00129938 0.99219316] 

 
Pareto Frontier. Run number: 1 
[2007.81051846] 
[[0.03981631]] 
[[1391.00293562]] 
23029.8818812 
[-5.24926397e-05 -6.53190117e-05  6.11513722e-02  1.80287671e-03
 -2.93561995e-05  2.00198526e-02 -1.98525768e-05  1.21475856e-02
  4.16307384e-04  6.51379663e-03  7.67654779e-04  5.84860304e-01] 
[1.0017468  1.00736023 1.00105742 1.00060834 1.00129921 0.99219317] 

 
Pareto Frontier. Run number: 2 
[2007.81051846] 
[[0.03981631]] 
[[1391.00293562]] 
23029.8818812 
[-5.21915792e-05 -6.53336694e-05  6.11513722e-02  1.80287671e-03
 -2.93561995e-05  2.00198526e-02 -1.98525768e-05  1.21475856e-02
  4.16307384e-04  6.51379663e-03  7.67654779e-04  5.84860157e-01] 
[1.0017468  1.00736023 1.00105742 1.00060834 1.00129921 0.99219317] 

 
Pareto Frontier. Run number: 3 
[2007.81051846] 
[[0.03981631]] 
[[1391.00293562]] 
23029.8818812 
[-5.18905187e-05 -6.53483271e-05  6.11513722e-02  1.80287671e-03
 -2.93561995e-05  2.00198526e-02 -1.98525768e-05  1.21475856e-02
  4.16307384e-04  6.51379663e-03  7.67654779e-04  5.84860011e-01] 
[1.0017468  1.00736023 1.00105742 1.00060834 1.00129921 0.99219318] 

 
Pareto Frontier. Run number: 4 
[2007.81005368] 
[[0.03981626]] 
[[1391.00349122]] 
23029.8759712 
[-5.29389400e-05 -6.68190318e-05  6.11515900e-02  1.80285858e-03
 -3.49122423e-05  2.00299598e-02 -2.99597771e-05  1.21475856e-02
  4.16261290e-04  6.50872647e-03  6.21946740e-04  5.84765062e-01] 
[1.00174595 1.00735941 1.00105652 1.00060804 1.00129896 0.99219322] 

 
Total run time: 6178.28500009