 Pareto results 
Pareto Frontier. Run number: 0 
[6756.42361001] 
[[0.04323424]] 
[[1520.01082463]] 
37771.4989679 
[-3.57592280e-04 -4.91480941e-04  1.62320020e-02  1.00000000e-05
 -1.08246327e-04  1.99541841e-02  4.58158657e-05  2.25230865e-01
  1.32342407e-02  2.22533927e-01  4.57404518e+00  2.43374462e+00] 
[1.01190539 1.         0.88760063 1.         0.98960565 1.01536288
 0.91236013] 

 
Pareto Frontier. Run number: 1 
[6756.69604169] 
[[0.04322588]] 
[[1519.97167861]] 
37770.9327945 
[-3.58924540e-04 -5.09981129e-04  1.62454745e-02  1.00000000e-05
  2.83213948e-04  1.99538988e-02  4.61012499e-05  2.25088484e-01
  1.32258768e-02  2.22673212e-01  4.57115483e+00  2.43645044e+00] 
[1.01188671 0.99990181 0.88755565 0.99974724 0.98959643 1.01534766
 0.91234919] 

 
Pareto Frontier. Run number: 2 
[6756.97005377] 
[[0.04321747]] 
[[1519.93242441]] 
37770.3621422 
[-3.60258339e-04 -5.11594927e-04  1.62590257e-02  1.00000000e-05
  6.75755932e-04  1.99534442e-02  4.65558016e-05  2.24945348e-01
  1.32174688e-02  2.22812068e-01  4.56824950e+00  2.43918894e+00] 
[1.01186745 0.99980346 0.88751124 0.99949315 0.98958715 1.01533232
 0.91233812] 

 
Pareto Frontier. Run number: 3 
[6757.24373048] 
[[0.04320907]] 
[[1519.8932366]] 
37769.7911119 
[-3.61588054e-04 -5.13610770e-04  1.62725629e-02  1.00000000e-05
  1.06763396e-03  1.99530151e-02  4.69848907e-05  2.24802424e-01
  1.32090731e-02  2.22950313e-01  4.56534840e+00  2.44192369e+00] 
[1.01184801 0.99970538 0.88746721 0.99923942 0.98957788 1.01531697
 0.91232707] 

 
Pareto Frontier. Run number: 4 
[6757.51780467] 
[[0.04320067]] 
[[1519.85404529]] 
37769.2180828 
[-3.62922087e-04 -5.08957635e-04  1.62861228e-02  1.00000000e-05
  1.45954712e-03  1.99524872e-02  4.75127544e-05  2.24659325e-01
  1.32006673e-02  2.23088027e-01  4.56244397e+00  2.44466909e+00] 
[1.01182824 0.9996074  0.88742363 0.99898539 0.98956861 1.01530156
 0.91231597] 

 
Total run time: 2743.59700012