 Pareto results 
Pareto Frontier. Run number: 0 
[6756.42361001] 
[[0.04323424]] 
[[1520.01082463]] 
37771.4989679 
[-3.57592280e-04 -4.91480941e-04  1.62320020e-02  1.00000000e-05
 -1.08246327e-04  1.99541841e-02  4.58158657e-05  2.25230865e-01
  1.32342407e-02  2.22533927e-01  4.57404518e+00  2.43374462e+00] 
[1.01190539 1.         0.88760063 1.         0.98960565 1.01536288
 0.91236013] 

 
Pareto Frontier. Run number: 1 
[6767.45482746] 
[[0.04220481]] 
[[1520.00004405]] 
37374.9470137 
[ 1.50505366e-08 -5.38227578e-07  2.01709417e-02  1.00000000e-05
 -4.40488150e-07  1.99995287e-02  4.71281237e-07  2.42766398e-01
  1.22048097e-02  1.16213471e-01  4.22431991e+00  2.54454774e+00] 
[0.96921019 1.         0.94353951 1.         0.99057845 1.00470288
 0.90992302] 

 
Pareto Frontier. Run number: 2 
[6805.92014362] 
[[0.04098552]] 
[[1520.00009574]] 
37041.8981121 
[-9.52722366e-07 -1.85272253e-06  2.40778441e-02  1.00000000e-05
 -9.57404609e-07  1.99992639e-02  7.36144625e-07  2.38102869e-01
  1.09855168e-02  2.45485355e-02  5.33048931e+00  2.92919958e+00] 
[0.93253445 1.         1.01098203 1.         0.99015613 0.99574995
 0.9069603 ] 

 
Pareto Frontier. Run number: 3 
[6913.71980791] 
[[0.03550982]] 
[[1512.6349759]] 
36764.9402334 
[ 2.63773882e-05 -4.48940957e-04  3.14906260e-02  1.00000000e-05
  7.36502410e-02  1.97392592e-02  2.60740844e-04  1.73926609e-01
  5.50981540e-03 -4.67837499e-05  9.77685570e+00  4.00674914e+00] 
[0.91105052 0.95556843 1.06914968 1.         0.98598898 0.98830484
 0.9021659 ] 

 
Pareto Frontier. Run number: 4 
[7101.24844981] 
[[0.03164799]] 
[[1517.40875504]] 
36618.1307202 
[-7.59196235e-06 -3.71655725e-05  3.59901123e-02  1.00000000e-05
  2.59124496e-02  1.99809792e-02  1.90207985e-05 -2.63748477e-06
  1.64799217e-03 -3.10341487e-06  1.60807767e+01  6.50543592e-01] 
[0.89612484 0.94152635 1.15384615 0.95789462 0.97542237 0.98435835
 0.89563663] 

 
Total run time: 3897.3440001