Altitude:    0 ft 
TOFL      CLIMB GRADIENT     THRUST    L/D     L/Dv2    CDasym    CDwindm     CL     CD  CG_CORRECT
751.01     0.1110    108249.3585    9.5232    8.7652    0.0148    0.0018    1.8223    0.1913    0.1095 
793.46     0.1022    107963.8718    9.5232    8.8165    0.0136    0.0018    1.8223    0.1913    0.1008 
841.63     0.0934    107661.3006    9.5232    8.8660    0.0124    0.0018    1.8223    0.1913    0.0921 
892.79     0.0852    107361.3656    9.5232    8.9107    0.0114    0.0018    1.8223    0.1913    0.0839 
948.82     0.0773    107054.7048    9.5232    8.9522    0.0104    0.0018    1.8223    0.1913    0.0761 
1005.84     0.0703    106762.7695    9.5232    8.9877    0.0096    0.0018    1.8223    0.1913    0.0691 
1076.46     0.0628    106425.6017    9.5232    9.0241    0.0088    0.0018    1.8223    0.1913    0.0618 
1132.12     0.0576    106176.3447    9.5232    9.0487    0.0083    0.0018    1.8223    0.1913    0.0566 
1197.69     0.0521    105899.1087    9.5232    9.0740    0.0077    0.0018    1.8223    0.1913    0.0511 
1268.36     0.0467    105617.7397    9.5232    9.0977    0.0072    0.0018    1.8223    0.1913    0.0459 
1327.03     0.0427    105396.3664    9.5232    9.1151    0.0068    0.0018    1.8223    0.1913    0.0419 
1365.23     0.0403    105257.6508    9.5232    9.1254    0.0066    0.0018    1.8223    0.1913    0.0395 
1405.05     0.0378    105117.2430    9.5232    9.1354    0.0064    0.0018    1.8223    0.1913    0.0371 
1442.54     0.0357    104988.7932    9.5232    9.1443    0.0062    0.0018    1.8223    0.1913    0.0350 
1475.04     0.0339    104880.1738    9.5232    9.1515    0.0060    0.0018    1.8223    0.1913    0.0332 
1498.95     0.0326    104801.8199    9.5232    9.1566    0.0059    0.0018    1.8223    0.1913    0.0320 
1523.15     0.0314    104723.7935    9.5232    9.1615    0.0058    0.0018    1.8223    0.1913    0.0307 
1555.32     0.0298    104622.0407    9.5232    9.1679    0.0057    0.0018    1.8223    0.1913    0.0292 
1604.53     0.0274    104470.4320    9.5232    9.1769    0.0055    0.0018    1.8223    0.1913    0.0269 
1653.13     0.0252    104325.2792    9.5232    9.1853    0.0053    0.0018    1.8223    0.1913    0.0247 
2124.47     0.0411    102082.8407    11.7615    11.3108    0.0032    0.0018    1.4760    0.1255    0.0400 
2149.99     0.0403    102021.8621    11.7615    11.3143    0.0032    0.0018    1.4760    0.1255    0.0392 
2172.05     0.0396    101969.7309    11.7615    11.3172    0.0032    0.0018    1.4760    0.1255    0.0386 
2196.76     0.0389    101911.9534    11.7615    11.3204    0.0031    0.0018    1.4760    0.1255    0.0378 
2214.18     0.0384    101871.6000    11.7615    11.3227    0.0031    0.0018    1.4760    0.1255    0.0373 
2217.93     0.0383    101862.9626    11.7615    11.3231    0.0031    0.0018    1.4760    0.1255    0.0372 

Altitude: 6000 ft 
TOFL      CLIMB GRADIENT     THRUST    L/D     L/Dv2    CDasym    CDwindm     CL     CD  CG_CORRECT
860.64     0.0898    89056.6517    9.5232    8.8861    0.0120    0.0018    1.8223    0.1913    0.0884 
895.98     0.0843    88890.3086    9.5232    8.9157    0.0113    0.0018    1.8223    0.1913    0.0830 
983.84     0.0727    88507.2776    9.5232    8.9757    0.0099    0.0018    1.8223    0.1913    0.0715 
1033.67     0.0671    88306.6429    9.5232    9.0034    0.0093    0.0018    1.8223    0.1913    0.0660 
1095.62     0.0609    88071.4590    9.5232    9.0334    0.0086    0.0018    1.8223    0.1913    0.0598 
1130.49     0.0577    87945.3684    9.5232    9.0485    0.0083    0.0018    1.8223    0.1913    0.0566 
1209.58     0.0511    87674.1415    9.5232    9.0786    0.0076    0.0018    1.8223    0.1913    0.0501 
1291.12     0.0451    87413.4811    9.5232    9.1050    0.0070    0.0018    1.8223    0.1913    0.0442 
1335.28     0.0421    87279.4440    9.5232    9.1176    0.0068    0.0018    1.8223    0.1913    0.0413 
1362.88     0.0404    87197.9820    9.5232    9.1250    0.0066    0.0018    1.8223    0.1913    0.0395 
1408.90     0.0376    87065.8863    9.5232    9.1366    0.0063    0.0018    1.8223    0.1913    0.0368 
1454.15     0.0350    86940.2742    9.5232    9.1471    0.0061    0.0018    1.8223    0.1913    0.0343 
1494.52     0.0328    86831.5492    9.5232    9.1558    0.0059    0.0018    1.8223    0.1913    0.0321 
1553.08     0.0299    86679.0629    9.5232    9.1675    0.0057    0.0018    1.8223    0.1913    0.0292 
1564.38     0.0293    86650.3142    9.5232    9.1697    0.0056    0.0018    1.8223    0.1913    0.0287 
1570.57     0.0290    86634.6558    9.5232    9.1708    0.0056    0.0018    1.8223    0.1913    0.0284 
1581.97     0.0285    86605.9901    9.5232    9.1729    0.0055    0.0018    1.8223    0.1913    0.0278 
1594.47     0.0279    86574.7792    9.5232    9.1752    0.0055    0.0018    1.8223    0.1913    0.0273 
1606.00     0.0273    86546.2247    9.5232    9.1773    0.0055    0.0018    1.8223    0.1913    0.0267 
1617.59     0.0268    86517.7228    9.5232    9.1793    0.0054    0.0018    1.8223    0.1913    0.0262 
1630.31     0.0262    86486.6895    9.5232    9.1815    0.0054    0.0018    1.8223    0.1913    0.0257 
1639.90     0.0258    86463.4553    9.5232    9.1831    0.0053    0.0018    1.8223    0.1913    0.0252 
1650.60     0.0253    86437.6802    9.5232    9.1849    0.0053    0.0018    1.8223    0.1913    0.0248 
1663.51     0.0248    86406.8062    9.5232    9.1870    0.0052    0.0018    1.8223    0.1913    0.0242 
2079.84     0.0426    84693.3983    11.7615    11.3042    0.0033    0.0018    1.4760    0.1255    0.0414 
2094.18     0.0421    84664.8183    11.7615    11.3062    0.0033    0.0018    1.4760    0.1255    0.0410 
2108.59     0.0416    84636.2849    11.7615    11.3083    0.0033    0.0018    1.4760    0.1255    0.0405 
2121.63     0.0412    84610.6446    11.7615    11.3101    0.0033    0.0018    1.4760    0.1255    0.0401 
2128.90     0.0410    84596.4162    11.7615    11.3111    0.0032    0.0018    1.4760    0.1255    0.0399 
2136.19     0.0408    84582.1993    11.7615    11.3121    0.0032    0.0018    1.4760    0.1255    0.0397 
2143.50     0.0406    84567.9939    11.7615    11.3131    0.0032    0.0018    1.4760    0.1255    0.0394 
2153.76     0.0402    84548.1256    11.7615    11.3145    0.0032    0.0018    1.4760    0.1255    0.0391 
2162.59     0.0400    84531.1135    11.7615    11.3157    0.0032    0.0018    1.4760    0.1255    0.0389 
2172.92     0.0397    84511.2868    11.7615    11.3170    0.0032    0.0018    1.4760    0.1255    0.0386 
2181.81     0.0394    84494.3101    11.7615    11.3182    0.0032    0.0018    1.4760    0.1255    0.0383 
2190.72     0.0391    84477.3498    11.7615    11.3194    0.0031    0.0018    1.4760    0.1255    0.0380 
2196.68     0.0390    84466.0520    11.7615    11.3201    0.0031    0.0018    1.4760    0.1255    0.0379 
2199.66     0.0389    84460.4058    11.7615    11.3205    0.0031    0.0018    1.4760    0.1255    0.0378 
2204.14     0.0387    84451.9398    11.7615    11.3211    0.0031    0.0018    1.4760    0.1255    0.0377 
2205.64     0.0387    84449.1187    11.7615    11.3213    0.0031    0.0018    1.4760    0.1255    0.0376 
2208.63     0.0386    84443.4779    11.7615    11.3217    0.0031    0.0018    1.4760    0.1255    0.0375 
2211.63     0.0385    84437.8389    11.7615    11.3220    0.0031    0.0018    1.4760    0.1255    0.0374 
2214.62     0.0384    84432.2017    11.7615    11.3224    0.0031    0.0018    1.4760    0.1255    0.0374 
2219.13     0.0383    84423.7492    11.7615    11.3230    0.0031    0.0018    1.4760    0.1255    0.0372 
2223.64     0.0382    84415.3007    11.7615    11.3236    0.0031    0.0018    1.4760    0.1255    0.0371 
2232.68     0.0379    84398.4159    11.7615    11.3247    0.0031    0.0018    1.4760    0.1255    0.0369 
2237.21     0.0378    84389.9795    11.7615    11.3252    0.0031    0.0018    1.4760    0.1255    0.0367 
2249.33     0.0374    84367.5019    11.7615    11.3267    0.0031    0.0018    1.4760    0.1255    0.0364 
2255.41     0.0373    84356.2738    11.7615    11.3275    0.0031    0.0018    1.4760    0.1255    0.0362 
2264.55     0.0370    84339.4449    11.7615    11.3286    0.0030    0.0018    1.4760    0.1255    0.0360 
2272.19     0.0368    84325.4329    11.7615    11.3295    0.0030    0.0018    1.4760    0.1255    0.0358 
2278.31     0.0366    84314.2312    11.7615    11.3302    0.0030    0.0018    1.4760    0.1255    0.0356 
2282.91     0.0365    84305.8346    11.7615    11.3308    0.0030    0.0018    1.4760    0.1255    0.0355 
2289.06     0.0363    84294.6452    11.7615    11.3315    0.0030    0.0018    1.4760    0.1255    0.0353 
2296.76     0.0361    84280.6683    11.7615    11.3324    0.0030    0.0018    1.4760    0.1255    0.0351 
2302.93     0.0360    84269.4947    11.7615    11.3331    0.0030    0.0018    1.4760    0.1255    0.0349 
2313.77     0.0357    84249.9576    11.7615    11.3343    0.0030    0.0018    1.4760    0.1255    0.0347 
2323.09     0.0354    84233.2284    11.7615    11.3354    0.0030    0.0018    1.4760    0.1255    0.0344 
2330.87     0.0352    84219.2993    11.7615    11.3363    0.0029    0.0018    1.4760    0.1255    0.0342 
2340.24     0.0350    84202.5987    11.7615    11.3373    0.0029    0.0018    1.4760    0.1255    0.0340 
2351.21     0.0347    84183.1343    11.7615    11.3386    0.0029    0.0018    1.4760    0.1255    0.0337 
2360.64     0.0344    84166.4672    11.7615    11.3396    0.0029    0.0018    1.4760    0.1255    0.0334 
2381.18     0.0339    84130.4080    11.7615    11.3418    0.0029    0.0018    1.4760    0.1255    0.0329 
2417.84     0.0330    84066.7867    11.7615    11.3457    0.0028    0.0018    1.4760    0.1255    0.0320 
2472.82     0.0316    83973.1450    11.7615    11.3513    0.0028    0.0018    1.4760    0.1255    0.0307 
2510.54     0.0308    83910.0712    11.7615    11.3550    0.0027    0.0018    1.4760    0.1255    0.0298 
2614.41     0.0284    83741.1195    11.7615    11.3645    0.0026    0.0018    1.4760    0.1255    0.0276 
2664.11     0.0274    83662.6220    11.7615    11.3688    0.0026    0.0018    1.4760    0.1255    0.0265 
2686.61     0.0269    83627.5411    11.7615    11.3706    0.0026    0.0018    1.4760    0.1255    0.0261 
2700.53     0.0266    83605.9857    11.7615    11.3718    0.0025    0.0018    1.4760    0.1255    0.0258 
2709.26     0.0264    83592.5262    11.7615    11.3725    0.0025    0.0018    1.4760    0.1255    0.0256 
2718.01     0.0262    83579.0765    11.7615    11.3732    0.0025    0.0018    1.4760    0.1255    0.0254 
2728.54     0.0260    83562.9496    11.7615    11.3740    0.0025    0.0018    1.4760    0.1255    0.0252 
2737.34     0.0258    83549.5211    11.7615    11.3747    0.0025    0.0018    1.4760    0.1255    0.0250 
2744.39     0.0257    83538.7853    11.7615    11.3753    0.0025    0.0018    1.4760    0.1255    0.0249 
2751.46     0.0256    83528.0557    11.7615    11.3759    0.0025    0.0018    1.4760    0.1255    0.0248 
2760.32     0.0254    83514.6523    11.7615    11.3766    0.0025    0.0018    1.4760    0.1255    0.0246 
2765.64     0.0253    83506.6148    11.7615    11.3770    0.0025    0.0018    1.4760    0.1255    0.0245 
2776.31     0.0251    83490.5503    11.7615    11.3778    0.0025    0.0018    1.4760    0.1255    0.0243 
2781.65     0.0250    83482.5232    11.7615    11.3782    0.0025    0.0018    1.4760    0.1255    0.0242 
2788.79     0.0248    83471.8258    11.7615    11.3787    0.0025    0.0018    1.4760    0.1255    0.0241 
3024.02     0.0285    82976.2734    12.4014    11.9832    0.0021    0.0018    1.3770    0.1110    0.0275 
3029.82     0.0284    82971.2342    12.4014    11.9836    0.0021    0.0018    1.3770    0.1110    0.0274 
3035.62     0.0283    82966.1982    12.4014    11.9840    0.0021    0.0018    1.3770    0.1110    0.0273 
3041.43     0.0282    82961.1655    12.4014    11.9844    0.0021    0.0018    1.3770    0.1110    0.0272 
3045.31     0.0281    82957.8123    12.4014    11.9847    0.0021    0.0018    1.3770    0.1110    0.0272 
3049.19     0.0280    82954.4604    12.4014    11.9850    0.0021    0.0018    1.3770    0.1110    0.0271 
3053.08     0.0279    82951.1100    12.4014    11.9853    0.0021    0.0018    1.3770    0.1110    0.0270 
3058.91     0.0278    82946.0872    12.4014    11.9857    0.0021    0.0018    1.3770    0.1110    0.0269 
3062.81     0.0278    82942.7404    12.4014    11.9859    0.0021    0.0018    1.3770    0.1110    0.0269 
3064.76     0.0277    82941.0675    12.4014    11.9861    0.0021    0.0018    1.3770    0.1110    0.0268 
3072.56     0.0276    82934.3798    12.4014    11.9866    0.0021    0.0018    1.3770    0.1110    0.0267 
3078.43     0.0275    82929.3678    12.4014    11.9870    0.0021    0.0018    1.3770    0.1110    0.0266 
3088.22     0.0273    82921.0216    12.4014    11.9877    0.0021    0.0018    1.3770    0.1110    0.0264 
3094.10     0.0272    82916.0182    12.4014    11.9881    0.0021    0.0018    1.3770    0.1110    0.0263 
3100.00     0.0271    82911.0180    12.4014    11.9885    0.0021    0.0018    1.3770    0.1110    0.0262 
3107.87     0.0270    82904.3562    12.4014    11.9891    0.0021    0.0018    1.3770    0.1110    0.0261 
3115.76     0.0269    82897.7000    12.4014    11.9896    0.0021    0.0018    1.3770    0.1110    0.0260 
3125.64     0.0267    82889.3879    12.4014    11.9903    0.0021    0.0018    1.3770    0.1110    0.0258 
3131.57     0.0266    82884.4049    12.4014    11.9906    0.0020    0.0018    1.3770    0.1110    0.0257 
3139.51     0.0265    82877.7659    12.4014    11.9912    0.0020    0.0018    1.3770    0.1110    0.0256 
3147.45     0.0263    82871.1325    12.4014    11.9917    0.0020    0.0018    1.3770    0.1110    0.0254 
3151.43     0.0263    82867.8180    12.4014    11.9920    0.0020    0.0018    1.3770    0.1110    0.0254 
3159.40     0.0261    82861.1932    12.4014    11.9925    0.0020    0.0018    1.3770    0.1110    0.0252 
3171.38     0.0259    82851.2665    12.4014    11.9933    0.0020    0.0018    1.3770    0.1110    0.0250 
3181.39     0.0258    82843.0040    12.4014    11.9939    0.0020    0.0018    1.3770    0.1110    0.0249 
3191.43     0.0256    82834.7504    12.4014    11.9946    0.0020    0.0018    1.3770    0.1110    0.0247 
3202.66     0.0254    82825.5451    12.4014    11.9953    0.0020    0.0018    1.3770    0.1110    0.0245 
3205.51     0.0254    82823.2099    12.4014    11.9955    0.0020    0.0018    1.3770    0.1110    0.0245 
3217.62     0.0252    82813.3318    12.4014    11.9962    0.0020    0.0018    1.3770    0.1110    0.0243 
3227.74     0.0250    82805.1096    12.4014    11.9969    0.0020    0.0018    1.3770    0.1110    0.0241 
3252.13     0.0246    82785.4119    12.4014    11.9984    0.0020    0.0018    1.3770    0.1110    0.0238 
3252.78     0.0246    82784.8903    12.4014    11.9984    0.0020    0.0018    1.3770    0.1110    0.0238 

Altitude: 8000 ft 
TOFL      CLIMB GRADIENT     THRUST    L/D     L/Dv2    CDasym    CDwindm     CL     CD  CG_CORRECT
874.50     0.0873    83351.5529    9.5232    8.8994    0.0117    0.0018    1.8223    0.1913    0.0860 
890.62     0.0848    83281.2872    9.5232    8.9127    0.0114    0.0018    1.8223    0.1913    0.0835 
898.41     0.0837    83247.8267    9.5232    8.9188    0.0112    0.0018    1.8223    0.1913    0.0824 
916.32     0.0811    83172.1231    9.5232    8.9325    0.0109    0.0018    1.8223    0.1913    0.0798 
936.00     0.0785    83090.8899    9.5232    8.9461    0.0106    0.0018    1.8223    0.1913    0.0772 
944.12     0.0774    83057.9493    9.5232    8.9515    0.0105    0.0018    1.8223    0.1913    0.0762 
962.02     0.0752    82986.3842    9.5232    8.9631    0.0102    0.0018    1.8223    0.1913    0.0739 
977.91     0.0733    82924.1036    9.5232    8.9728    0.0100    0.0018    1.8223    0.1913    0.0720 
1022.12     0.0682    82756.6113    9.5232    8.9979    0.0094    0.0018    1.8223    0.1913    0.0670 
1075.28     0.0627    82565.4163    9.5232    9.0246    0.0088    0.0018    1.8223    0.1913    0.0616 
1117.00     0.0588    82422.4540    9.5232    9.0433    0.0084    0.0018    1.8223    0.1913    0.0577 
1137.47     0.0569    82354.3903    9.5232    9.0518    0.0082    0.0018    1.8223    0.1913    0.0559 
1247.94     0.0480    82008.2489    9.5232    9.0920    0.0073    0.0018    1.8223    0.1913    0.0471 
1278.70     0.0458    81917.6295    9.5232    9.1016    0.0071    0.0018    1.8223    0.1913    0.0449 
1348.82     0.0411    81719.3010    9.5232    9.1216    0.0067    0.0018    1.8223    0.1913    0.0403 
1447.54     0.0353    81457.4833    9.5232    9.1459    0.0061    0.0018    1.8223    0.1913    0.0345 
1549.51     0.0300    81205.6811    9.5232    9.1671    0.0057    0.0018    1.8223    0.1913    0.0293 
1567.02     0.0291    81164.1458    9.5232    9.1705    0.0056    0.0018    1.8223    0.1913    0.0285 
1575.83     0.0287    81143.4234    9.5232    9.1721    0.0056    0.0018    1.8223    0.1913    0.0281 
1581.35     0.0284    81130.4871    9.5232    9.1731    0.0055    0.0018    1.8223    0.1913    0.0278 
1593.56     0.0278    81102.0683    9.5232    9.1753    0.0055    0.0018    1.8223    0.1913    0.0272 
1600.25     0.0275    81086.5909    9.5232    9.1765    0.0055    0.0018    1.8223    0.1913    0.0269 
1608.09     0.0272    81068.5549    9.5232    9.1779    0.0054    0.0018    1.8223    0.1913    0.0266 
1618.20     0.0267    81045.3989    9.5232    9.1797    0.0054    0.0018    1.8223    0.1913    0.0261 
1630.62     0.0262    81017.1476    9.5232    9.1818    0.0054    0.0018    1.8223    0.1913    0.0256 
1638.57     0.0258    80999.1982    9.5232    9.1832    0.0053    0.0018    1.8223    0.1913    0.0252 
1646.54     0.0254    80981.2711    9.5232    9.1845    0.0053    0.0018    1.8223    0.1913    0.0249 
1653.40     0.0251    80965.9226    9.5232    9.1856    0.0053    0.0018    1.8223    0.1913    0.0246 
1663.72     0.0247    80942.9304    9.5232    9.1873    0.0052    0.0018    1.8223    0.1913    0.0241 
2080.75     0.0425    79344.7534    11.7615    11.3045    0.0033    0.0018    1.4760    0.1255    0.0413 
2097.57     0.0419    79313.5412    11.7615    11.3069    0.0033    0.0018    1.4760    0.1255    0.0408 
2114.50     0.0414    79282.3888    11.7615    11.3093    0.0033    0.0018    1.4760    0.1255    0.0403 
2128.42     0.0410    79256.9446    11.7615    11.3112    0.0032    0.0018    1.4760    0.1255    0.0398 
2140.86     0.0406    79234.3608    11.7615    11.3129    0.0032    0.0018    1.4760    0.1255    0.0395 
2151.78     0.0403    79214.6256    11.7615    11.3144    0.0032    0.0018    1.4760    0.1255    0.0391 
2161.18     0.0400    79197.7285    11.7615    11.3157    0.0032    0.0018    1.4760    0.1255    0.0389 
2172.19     0.0396    79178.0373    11.7615    11.3171    0.0032    0.0018    1.4760    0.1255    0.0385 
2176.92     0.0395    79169.6054    11.7615    11.3177    0.0032    0.0018    1.4760    0.1255    0.0384 
2184.81     0.0393    79155.5619    11.7615    11.3188    0.0032    0.0018    1.4760    0.1255    0.0382 
2191.15     0.0391    79144.3357    11.7615    11.3196    0.0031    0.0018    1.4760    0.1255    0.0380 
2197.50     0.0389    79133.1172    11.7615    11.3204    0.0031    0.0018    1.4760    0.1255    0.0378 
2202.27     0.0388    79124.7083    11.7615    11.3210    0.0031    0.0018    1.4760    0.1255    0.0377 
2203.86     0.0387    79121.9063    11.7615    11.3212    0.0031    0.0018    1.4760    0.1255    0.0376 
2207.05     0.0386    79116.3038    11.7615    11.3216    0.0031    0.0018    1.4760    0.1255    0.0375 
2211.83     0.0385    79107.9035    11.7615    11.3222    0.0031    0.0018    1.4760    0.1255    0.0374 
2219.83     0.0382    79093.9124    11.7615    11.3232    0.0031    0.0018    1.4760    0.1255    0.0372 
2227.85     0.0380    79079.9333    11.7615    11.3242    0.0031    0.0018    1.4760    0.1255    0.0369 
2234.28     0.0378    79068.7585    11.7615    11.3250    0.0031    0.0018    1.4760    0.1255    0.0368 
2242.33     0.0376    79054.8005    11.7615    11.3260    0.0031    0.0018    1.4760    0.1255    0.0365 
2252.03     0.0373    79038.0666    11.7615    11.3272    0.0031    0.0018    1.4760    0.1255    0.0363 
2260.13     0.0371    79024.1345    11.7615    11.3282    0.0030    0.0018    1.4760    0.1255    0.0360 
2268.26     0.0369    79010.2141    11.7615    11.3292    0.0030    0.0018    1.4760    0.1255    0.0358 
2278.04     0.0366    78993.5250    11.7615    11.3303    0.0030    0.0018    1.4760    0.1255    0.0356 
2282.94     0.0365    78985.1868    11.7615    11.3309    0.0030    0.0018    1.4760    0.1255    0.0354 
2291.13     0.0363    78971.2990    11.7615    11.3319    0.0030    0.0018    1.4760    0.1255    0.0352 
2297.70     0.0361    78960.1971    11.7615    11.3326    0.0030    0.0018    1.4760    0.1255    0.0350 
2304.28     0.0359    78949.1026    11.7615    11.3334    0.0030    0.0018    1.4760    0.1255    0.0349 
2309.22     0.0358    78940.7866    11.7615    11.3340    0.0030    0.0018    1.4760    0.1255    0.0347 
2312.53     0.0357    78935.2449    11.7615    11.3344    0.0030    0.0018    1.4760    0.1255    0.0346 
2319.14     0.0355    78924.1669    11.7615    11.3351    0.0030    0.0018    1.4760    0.1255    0.0345 
2324.11     0.0354    78915.8633    11.7615    11.3357    0.0030    0.0018    1.4760    0.1255    0.0343 
2342.40     0.0349    78885.4520    11.7615    11.3377    0.0029    0.0018    1.4760    0.1255    0.0339 
2362.47     0.0344    78852.3390    11.7615    11.3399    0.0029    0.0018    1.4760    0.1255    0.0334 
2389.45     0.0337    78808.2897    11.7615    11.3429    0.0029    0.0018    1.4760    0.1255    0.0327 
2414.94     0.0330    78767.0980    11.7615    11.3455    0.0028    0.0018    1.4760    0.1255    0.0321 
2442.37     0.0324    78723.2708    11.7615    11.3484    0.0028    0.0018    1.4760    0.1255    0.0314 
2478.72     0.0315    78665.9195    11.7615    11.3520    0.0028    0.0018    1.4760    0.1255    0.0305 
2520.76     0.0305    78600.6117    11.7615    11.3561    0.0027    0.0018    1.4760    0.1255    0.0296 
2556.21     0.0297    78546.3790    11.7615    11.3594    0.0027    0.0018    1.4760    0.1255    0.0288 
2584.84     0.0290    78503.1165    11.7615    11.3620    0.0027    0.0018    1.4760    0.1255    0.0282 
2597.44     0.0288    78484.2234    11.7615    11.3631    0.0026    0.0018    1.4760    0.1255    0.0279 
2606.47     0.0286    78470.7411    11.7615    11.3639    0.0026    0.0018    1.4760    0.1255    0.0277 
2622.79     0.0282    78446.4995    11.7615    11.3653    0.0026    0.0018    1.4760    0.1255    0.0273 
2633.71     0.0280    78430.3574    11.7615    11.3663    0.0026    0.0018    1.4760    0.1255    0.0271 
2641.01     0.0278    78419.6044    11.7615    11.3669    0.0026    0.0018    1.4760    0.1255    0.0270 
2651.98     0.0276    78403.4875    11.7615    11.3678    0.0026    0.0018    1.4760    0.1255    0.0267 
2659.32     0.0274    78392.7513    11.7615    11.3685    0.0026    0.0018    1.4760    0.1255    0.0266 
2664.83     0.0273    78384.7035    11.7615    11.3689    0.0026    0.0018    1.4760    0.1255    0.0265 
2674.04     0.0271    78371.2988    11.7615    11.3697    0.0026    0.0018    1.4760    0.1255    0.0263 
2679.58     0.0270    78363.2610    11.7615    11.3702    0.0026    0.0018    1.4760    0.1255    0.0262 
2685.12     0.0269    78355.2269    11.7615    11.3706    0.0026    0.0018    1.4760    0.1255    0.0261 
2688.82     0.0268    78349.8729    11.7615    11.3709    0.0026    0.0018    1.4760    0.1255    0.0260 
2690.67     0.0268    78347.1965    11.7615    11.3711    0.0026    0.0018    1.4760    0.1255    0.0259 
2696.24     0.0267    78339.1699    11.7615    11.3715    0.0025    0.0018    1.4760    0.1255    0.0258 
2705.53     0.0265    78325.8004    11.7615    11.3723    0.0025    0.0018    1.4760    0.1255    0.0256 
2716.71     0.0262    78309.7707    11.7615    11.3732    0.0025    0.0018    1.4760    0.1255    0.0254 
2726.05     0.0260    78296.4238    11.7615    11.3739    0.0025    0.0018    1.4760    0.1255    0.0252 
2739.17     0.0258    78277.7555    11.7615    11.3750    0.0025    0.0018    1.4760    0.1255    0.0250 
2748.57     0.0256    78264.4332    11.7615    11.3757    0.0025    0.0018    1.4760    0.1255    0.0248 
2756.11     0.0254    78253.7827    11.7615    11.3763    0.0025    0.0018    1.4760    0.1255    0.0247 
2769.34     0.0252    78235.1600    11.7615    11.3773    0.0025    0.0018    1.4760    0.1255    0.0244 
2780.72     0.0250    78219.2136    11.7615    11.3782    0.0025    0.0018    1.4760    0.1255    0.0242 
3020.14     0.0285    77790.1553    12.4014    11.9831    0.0021    0.0018    1.3770    0.1110    0.0275 
3036.61     0.0282    77776.8958    12.4014    11.9843    0.0021    0.0018    1.3770    0.1110    0.0272 
3061.42     0.0278    77757.0525    12.4014    11.9860    0.0021    0.0018    1.3770    0.1110    0.0268 
3075.97     0.0275    77745.5028    12.4014    11.9870    0.0021    0.0018    1.3770    0.1110    0.0266 
3086.39     0.0273    77737.2644    12.4014    11.9877    0.0021    0.0018    1.3770    0.1110    0.0264 
3101.03     0.0271    77725.7467    12.4014    11.9888    0.0021    0.0018    1.3770    0.1110    0.0262 
3105.22     0.0270    77722.4593    12.4014    11.9890    0.0021    0.0018    1.3770    0.1110    0.0261 

