Output file with compressibility drag breakdown

  VEHICLE TAG : cruise

  REFERENCE AREA ................  67.5 m2 
  MAIN WING SWEEP ...............  29.4 deg
  MAIN WING THICKNESS RATIO .....  0.14    
 
 TOTAL COMPRESSIBILITY DRAG 
  CL   |  M=0.450 | M=0.500 | M=0.550 | M=0.600 | M=0.650 | M=0.700 | M=0.750 | M=0.800 | M=0.850 | M=0.900 | M=0.950 | 
 0.300 |  0.00000 | 0.00000 | 0.00001 | 0.00004 | 0.00014 | 0.00041 | 0.00113 | 0.00292 | 0.00709 | 0.01637 | 0.03613 | 
 0.350 |  0.00000 | 0.00000 | 0.00001 | 0.00005 | 0.00017 | 0.00050 | 0.00138 | 0.00356 | 0.00866 | 0.01999 | 0.04411 | 
 0.400 |  0.00000 | 0.00000 | 0.00002 | 0.00006 | 0.00021 | 0.00061 | 0.00168 | 0.00431 | 0.01048 | 0.02419 | 0.05338 | 
 0.450 |  0.00000 | 0.00001 | 0.00002 | 0.00008 | 0.00025 | 0.00073 | 0.00201 | 0.00516 | 0.01255 | 0.02897 | 0.06394 | 
 0.500 |  0.00000 | 0.00001 | 0.00003 | 0.00009 | 0.00029 | 0.00087 | 0.00238 | 0.00611 | 0.01485 | 0.03429 | 0.07567 | 
 0.550 |  0.00000 | 0.00001 | 0.00003 | 0.00011 | 0.00034 | 0.00101 | 0.00277 | 0.00714 | 0.01734 | 0.04004 | 0.08837 | 
 0.600 |  0.00000 | 0.00001 | 0.00003 | 0.00012 | 0.00039 | 0.00116 | 0.00319 | 0.00822 | 0.01996 | 0.04609 | 0.10173 | 
 0.650 |  0.00000 | 0.00001 | 0.00004 | 0.00014 | 0.00045 | 0.00132 | 0.00362 | 0.00932 | 0.02263 | 0.05226 | 0.11533 | 
 0.700 |  0.00000 | 0.00001 | 0.00004 | 0.00015 | 0.00050 | 0.00147 | 0.00404 | 0.01039 | 0.02525 | 0.05830 | 0.12866 | 
 0.750 |  0.00000 | 0.00001 | 0.00005 | 0.00017 | 0.00055 | 0.00161 | 0.00443 | 0.01140 | 0.02770 | 0.06396 | 0.14116 | 
 0.800 |  0.00000 | 0.00001 | 0.00005 | 0.00018 | 0.00059 | 0.00174 | 0.00478 | 0.01230 | 0.02987 | 0.06898 | 0.15222 | 
-----------------------------------------------------------------------------------------------------------------------
 HORIZONTAL_STABILIZER  ( t/c: 0.110 )
  CL   |  M=0.450 | M=0.500 | M=0.550 | M=0.600 | M=0.650 | M=0.700 | M=0.750 | M=0.800 | M=0.850 | M=0.900 | M=0.950 | 
 0.300 |  0.00000 | 0.00000 | 0.00000 | 0.00000 | 0.00001 | 0.00003 | 0.00008 | 0.00021 | 0.00052 | 0.00120 | 0.00264 | 
 0.350 |  0.00000 | 0.00000 | 0.00000 | 0.00000 | 0.00001 | 0.00003 | 0.00008 | 0.00021 | 0.00052 | 0.00120 | 0.00264 | 
 0.400 |  0.00000 | 0.00000 | 0.00000 | 0.00000 | 0.00001 | 0.00003 | 0.00008 | 0.00021 | 0.00052 | 0.00120 | 0.00264 | 
 0.450 |  0.00000 | 0.00000 | 0.00000 | 0.00000 | 0.00001 | 0.00003 | 0.00008 | 0.00021 | 0.00052 | 0.00120 | 0.00264 | 
 0.500 |  0.00000 | 0.00000 | 0.00000 | 0.00000 | 0.00001 | 0.00003 | 0.00008 | 0.00021 | 0.00052 | 0.00120 | 0.00264 | 
 0.550 |  0.00000 | 0.00000 | 0.00000 | 0.00000 | 0.00001 | 0.00003 | 0.00008 | 0.00021 | 0.00052 | 0.00120 | 0.00264 | 
 0.600 |  0.00000 | 0.00000 | 0.00000 | 0.00000 | 0.00001 | 0.00003 | 0.00008 | 0.00021 | 0.00052 | 0.00120 | 0.00264 | 
 0.650 |  0.00000 | 0.00000 | 0.00000 | 0.00000 | 0.00001 | 0.00003 | 0.00008 | 0.00021 | 0.00052 | 0.00120 | 0.00264 | 
 0.700 |  0.00000 | 0.00000 | 0.00000 | 0.00000 | 0.00001 | 0.00003 | 0.00008 | 0.00021 | 0.00052 | 0.00120 | 0.00264 | 
 0.750 |  0.00000 | 0.00000 | 0.00000 | 0.00000 | 0.00001 | 0.00003 | 0.00008 | 0.00021 | 0.00052 | 0.00120 | 0.00264 | 
 0.800 |  0.00000 | 0.00000 | 0.00000 | 0.00000 | 0.00001 | 0.00003 | 0.00008 | 0.00021 | 0.00052 | 0.00120 | 0.00264 | 
-----------------------------------------------------------------------------------------------------------------------
 MAIN_WING  ( t/c: 0.145 )
  CL   |  M=0.450 | M=0.500 | M=0.550 | M=0.600 | M=0.650 | M=0.700 | M=0.750 | M=0.800 | M=0.850 | M=0.900 | M=0.950 | 
 0.300 |  0.00000 | 0.00000 | 0.00001 | 0.00004 | 0.00012 | 0.00037 | 0.00101 | 0.00259 | 0.00629 | 0.01451 | 0.03203 | 
 0.350 |  0.00000 | 0.00000 | 0.00001 | 0.00005 | 0.00015 | 0.00046 | 0.00126 | 0.00323 | 0.00785 | 0.01813 | 0.04001 | 
 0.400 |  0.00000 | 0.00000 | 0.00002 | 0.00006 | 0.00019 | 0.00056 | 0.00155 | 0.00398 | 0.00967 | 0.02233 | 0.04928 | 
 0.450 |  0.00000 | 0.00000 | 0.00002 | 0.00007 | 0.00023 | 0.00068 | 0.00188 | 0.00483 | 0.01174 | 0.02711 | 0.05984 | 
 0.500 |  0.00000 | 0.00001 | 0.00002 | 0.00009 | 0.00028 | 0.00082 | 0.00225 | 0.00578 | 0.01404 | 0.03243 | 0.07157 | 
 0.550 |  0.00000 | 0.00001 | 0.00003 | 0.00010 | 0.00033 | 0.00096 | 0.00265 | 0.00681 | 0.01654 | 0.03818 | 0.08427 | 
 0.600 |  0.00000 | 0.00001 | 0.00003 | 0.00012 | 0.00038 | 0.00112 | 0.00307 | 0.00789 | 0.01916 | 0.04424 | 0.09763 | 
 0.650 |  0.00000 | 0.00001 | 0.00004 | 0.00013 | 0.00043 | 0.00127 | 0.00349 | 0.00898 | 0.02183 | 0.05040 | 0.11122 | 
 0.700 |  0.00000 | 0.00001 | 0.00004 | 0.00015 | 0.00048 | 0.00142 | 0.00391 | 0.01006 | 0.02444 | 0.05644 | 0.12456 | 
 0.750 |  0.00000 | 0.00001 | 0.00005 | 0.00016 | 0.00053 | 0.00157 | 0.00430 | 0.01107 | 0.02689 | 0.06210 | 0.13705 | 
 0.800 |  0.00000 | 0.00001 | 0.00005 | 0.00018 | 0.00057 | 0.00169 | 0.00465 | 0.01196 | 0.02907 | 0.06712 | 0.14812 | 
-----------------------------------------------------------------------------------------------------------------------
 VERTICAL_STABILIZER  ( t/c: 0.120 )
  CL   |  M=0.450 | M=0.500 | M=0.550 | M=0.600 | M=0.650 | M=0.700 | M=0.750 | M=0.800 | M=0.850 | M=0.900 | M=0.950 | 
 0.300 |  0.00000 | 0.00000 | 0.00000 | 0.00000 | 0.00001 | 0.00002 | 0.00005 | 0.00012 | 0.00029 | 0.00066 | 0.00146 | 
 0.350 |  0.00000 | 0.00000 | 0.00000 | 0.00000 | 0.00001 | 0.00002 | 0.00005 | 0.00012 | 0.00029 | 0.00066 | 0.00146 | 
 0.400 |  0.00000 | 0.00000 | 0.00000 | 0.00000 | 0.00001 | 0.00002 | 0.00005 | 0.00012 | 0.00029 | 0.00066 | 0.00146 | 
 0.450 |  0.00000 | 0.00000 | 0.00000 | 0.00000 | 0.00001 | 0.00002 | 0.00005 | 0.00012 | 0.00029 | 0.00066 | 0.00146 | 
 0.500 |  0.00000 | 0.00000 | 0.00000 | 0.00000 | 0.00001 | 0.00002 | 0.00005 | 0.00012 | 0.00029 | 0.00066 | 0.00146 | 
 0.550 |  0.00000 | 0.00000 | 0.00000 | 0.00000 | 0.00001 | 0.00002 | 0.00005 | 0.00012 | 0.00029 | 0.00066 | 0.00146 | 
 0.600 |  0.00000 | 0.00000 | 0.00000 | 0.00000 | 0.00001 | 0.00002 | 0.00005 | 0.00012 | 0.00029 | 0.00066 | 0.00146 | 
 0.650 |  0.00000 | 0.00000 | 0.00000 | 0.00000 | 0.00001 | 0.00002 | 0.00005 | 0.00012 | 0.00029 | 0.00066 | 0.00146 | 
 0.700 |  0.00000 | 0.00000 | 0.00000 | 0.00000 | 0.00001 | 0.00002 | 0.00005 | 0.00012 | 0.00029 | 0.00066 | 0.00146 | 
 0.750 |  0.00000 | 0.00000 | 0.00000 | 0.00000 | 0.00001 | 0.00002 | 0.00005 | 0.00012 | 0.00029 | 0.00066 | 0.00146 | 
 0.800 |  0.00000 | 0.00000 | 0.00000 | 0.00000 | 0.00001 | 0.00002 | 0.00005 | 0.00012 | 0.00029 | 0.00066 | 0.00146 | 
-----------------------------------------------------------------------------------------------------------------------

 Friday, 28. September 2018 02:59:48 AM