Output file with compressibility drag breakdown

  VEHICLE TAG : cruise

  REFERENCE AREA ................  68.0 m2 
  MAIN WING SWEEP ...............  30.0 deg
  MAIN WING THICKNESS RATIO .....  0.14    
 
 TOTAL COMPRESSIBILITY DRAG 
  CL   |  M=0.450 | M=0.500 | M=0.550 | M=0.600 | M=0.650 | M=0.700 | M=0.750 | M=0.800 | M=0.850 | M=0.900 | M=0.950 | 
 0.300 |  0.00000 | 0.00000 | 0.00001 | 0.00004 | 0.00012 | 0.00035 | 0.00097 | 0.00251 | 0.00609 | 0.01406 | 0.03103 | 
 0.350 |  0.00000 | 0.00000 | 0.00001 | 0.00005 | 0.00015 | 0.00043 | 0.00119 | 0.00306 | 0.00743 | 0.01715 | 0.03785 | 
 0.400 |  0.00000 | 0.00000 | 0.00002 | 0.00005 | 0.00018 | 0.00052 | 0.00144 | 0.00370 | 0.00899 | 0.02075 | 0.04580 | 
 0.450 |  0.00000 | 0.00000 | 0.00002 | 0.00007 | 0.00021 | 0.00063 | 0.00172 | 0.00443 | 0.01077 | 0.02487 | 0.05488 | 
 0.500 |  0.00000 | 0.00001 | 0.00002 | 0.00008 | 0.00025 | 0.00074 | 0.00204 | 0.00525 | 0.01275 | 0.02945 | 0.06498 | 
 0.550 |  0.00000 | 0.00001 | 0.00003 | 0.00009 | 0.00029 | 0.00087 | 0.00238 | 0.00613 | 0.01490 | 0.03441 | 0.07594 | 
 0.600 |  0.00000 | 0.00001 | 0.00003 | 0.00010 | 0.00034 | 0.00100 | 0.00275 | 0.00707 | 0.01717 | 0.03964 | 0.08748 | 
 0.650 |  0.00000 | 0.00001 | 0.00003 | 0.00012 | 0.00038 | 0.00113 | 0.00312 | 0.00802 | 0.01947 | 0.04497 | 0.09924 | 
 0.700 |  0.00000 | 0.00001 | 0.00004 | 0.00013 | 0.00043 | 0.00127 | 0.00348 | 0.00895 | 0.02173 | 0.05019 | 0.11075 | 
 0.750 |  0.00000 | 0.00001 | 0.00004 | 0.00015 | 0.00047 | 0.00139 | 0.00382 | 0.00982 | 0.02385 | 0.05507 | 0.12153 | 
 0.800 |  0.00000 | 0.00001 | 0.00004 | 0.00016 | 0.00051 | 0.00150 | 0.00411 | 0.01059 | 0.02572 | 0.05938 | 0.13105 | 
-----------------------------------------------------------------------------------------------------------------------
 HORIZONTAL_STABILIZER  ( t/c: 0.110 )
  CL   |  M=0.450 | M=0.500 | M=0.550 | M=0.600 | M=0.650 | M=0.700 | M=0.750 | M=0.800 | M=0.850 | M=0.900 | M=0.950 | 
 0.300 |  0.00000 | 0.00000 | 0.00000 | 0.00000 | 0.00001 | 0.00003 | 0.00008 | 0.00021 | 0.00052 | 0.00120 | 0.00264 | 
 0.350 |  0.00000 | 0.00000 | 0.00000 | 0.00000 | 0.00001 | 0.00003 | 0.00008 | 0.00021 | 0.00052 | 0.00120 | 0.00264 | 
 0.400 |  0.00000 | 0.00000 | 0.00000 | 0.00000 | 0.00001 | 0.00003 | 0.00008 | 0.00021 | 0.00052 | 0.00120 | 0.00264 | 
 0.450 |  0.00000 | 0.00000 | 0.00000 | 0.00000 | 0.00001 | 0.00003 | 0.00008 | 0.00021 | 0.00052 | 0.00120 | 0.00264 | 
 0.500 |  0.00000 | 0.00000 | 0.00000 | 0.00000 | 0.00001 | 0.00003 | 0.00008 | 0.00021 | 0.00052 | 0.00120 | 0.00264 | 
 0.550 |  0.00000 | 0.00000 | 0.00000 | 0.00000 | 0.00001 | 0.00003 | 0.00008 | 0.00021 | 0.00052 | 0.00120 | 0.00264 | 
 0.600 |  0.00000 | 0.00000 | 0.00000 | 0.00000 | 0.00001 | 0.00003 | 0.00008 | 0.00021 | 0.00052 | 0.00120 | 0.00264 | 
 0.650 |  0.00000 | 0.00000 | 0.00000 | 0.00000 | 0.00001 | 0.00003 | 0.00008 | 0.00021 | 0.00052 | 0.00120 | 0.00264 | 
 0.700 |  0.00000 | 0.00000 | 0.00000 | 0.00000 | 0.00001 | 0.00003 | 0.00008 | 0.00021 | 0.00052 | 0.00120 | 0.00264 | 
 0.750 |  0.00000 | 0.00000 | 0.00000 | 0.00000 | 0.00001 | 0.00003 | 0.00008 | 0.00021 | 0.00052 | 0.00120 | 0.00264 | 
 0.800 |  0.00000 | 0.00000 | 0.00000 | 0.00000 | 0.00001 | 0.00003 | 0.00008 | 0.00021 | 0.00052 | 0.00120 | 0.00264 | 
-----------------------------------------------------------------------------------------------------------------------
 MAIN_WING  ( t/c: 0.140 )
  CL   |  M=0.450 | M=0.500 | M=0.550 | M=0.600 | M=0.650 | M=0.700 | M=0.750 | M=0.800 | M=0.850 | M=0.900 | M=0.950 | 
 0.300 |  0.00000 | 0.00000 | 0.00001 | 0.00003 | 0.00010 | 0.00031 | 0.00085 | 0.00217 | 0.00528 | 0.01220 | 0.02693 | 
 0.350 |  0.00000 | 0.00000 | 0.00001 | 0.00004 | 0.00013 | 0.00039 | 0.00106 | 0.00273 | 0.00662 | 0.01529 | 0.03374 | 
 0.400 |  0.00000 | 0.00000 | 0.00001 | 0.00005 | 0.00016 | 0.00048 | 0.00131 | 0.00337 | 0.00818 | 0.01889 | 0.04170 | 
 0.450 |  0.00000 | 0.00000 | 0.00002 | 0.00006 | 0.00020 | 0.00058 | 0.00159 | 0.00410 | 0.00996 | 0.02301 | 0.05078 | 
 0.500 |  0.00000 | 0.00001 | 0.00002 | 0.00007 | 0.00024 | 0.00070 | 0.00191 | 0.00492 | 0.01195 | 0.02759 | 0.06088 | 
 0.550 |  0.00000 | 0.00001 | 0.00002 | 0.00009 | 0.00028 | 0.00082 | 0.00226 | 0.00580 | 0.01410 | 0.03255 | 0.07184 | 
 0.600 |  0.00000 | 0.00001 | 0.00003 | 0.00010 | 0.00032 | 0.00095 | 0.00262 | 0.00674 | 0.01636 | 0.03778 | 0.08338 | 
 0.650 |  0.00000 | 0.00001 | 0.00003 | 0.00011 | 0.00037 | 0.00109 | 0.00299 | 0.00768 | 0.01867 | 0.04311 | 0.09513 | 
 0.700 |  0.00000 | 0.00001 | 0.00004 | 0.00013 | 0.00041 | 0.00122 | 0.00335 | 0.00862 | 0.02093 | 0.04833 | 0.10665 | 
 0.750 |  0.00000 | 0.00001 | 0.00004 | 0.00014 | 0.00045 | 0.00134 | 0.00369 | 0.00949 | 0.02304 | 0.05321 | 0.11743 | 
 0.800 |  0.00000 | 0.00001 | 0.00004 | 0.00015 | 0.00049 | 0.00145 | 0.00399 | 0.01025 | 0.02491 | 0.05752 | 0.12695 | 
-----------------------------------------------------------------------------------------------------------------------
 VERTICAL_STABILIZER  ( t/c: 0.120 )
  CL   |  M=0.450 | M=0.500 | M=0.550 | M=0.600 | M=0.650 | M=0.700 | M=0.750 | M=0.800 | M=0.850 | M=0.900 | M=0.950 | 
 0.300 |  0.00000 | 0.00000 | 0.00000 | 0.00000 | 0.00001 | 0.00002 | 0.00005 | 0.00012 | 0.00029 | 0.00066 | 0.00146 | 
 0.350 |  0.00000 | 0.00000 | 0.00000 | 0.00000 | 0.00001 | 0.00002 | 0.00005 | 0.00012 | 0.00029 | 0.00066 | 0.00146 | 
 0.400 |  0.00000 | 0.00000 | 0.00000 | 0.00000 | 0.00001 | 0.00002 | 0.00005 | 0.00012 | 0.00029 | 0.00066 | 0.00146 | 
 0.450 |  0.00000 | 0.00000 | 0.00000 | 0.00000 | 0.00001 | 0.00002 | 0.00005 | 0.00012 | 0.00029 | 0.00066 | 0.00146 | 
 0.500 |  0.00000 | 0.00000 | 0.00000 | 0.00000 | 0.00001 | 0.00002 | 0.00005 | 0.00012 | 0.00029 | 0.00066 | 0.00146 | 
 0.550 |  0.00000 | 0.00000 | 0.00000 | 0.00000 | 0.00001 | 0.00002 | 0.00005 | 0.00012 | 0.00029 | 0.00066 | 0.00146 | 
 0.600 |  0.00000 | 0.00000 | 0.00000 | 0.00000 | 0.00001 | 0.00002 | 0.00005 | 0.00012 | 0.00029 | 0.00066 | 0.00146 | 
 0.650 |  0.00000 | 0.00000 | 0.00000 | 0.00000 | 0.00001 | 0.00002 | 0.00005 | 0.00012 | 0.00029 | 0.00066 | 0.00146 | 
 0.700 |  0.00000 | 0.00000 | 0.00000 | 0.00000 | 0.00001 | 0.00002 | 0.00005 | 0.00012 | 0.00029 | 0.00066 | 0.00146 | 
 0.750 |  0.00000 | 0.00000 | 0.00000 | 0.00000 | 0.00001 | 0.00002 | 0.00005 | 0.00012 | 0.00029 | 0.00066 | 0.00146 | 
 0.800 |  0.00000 | 0.00000 | 0.00000 | 0.00000 | 0.00001 | 0.00002 | 0.00005 | 0.00012 | 0.00029 | 0.00066 | 0.00146 | 
-----------------------------------------------------------------------------------------------------------------------

 Friday, 28. September 2018 01:39:00 AM