 Pareto results 
Pareto Frontier. Run number: 0 
[6772.75041826] 
[[0.04321042]] 
[[1520.00032141]] 
37752.6218326 
[-1.26405457e-05 -1.79579782e-05  1.65119730e-02  1.00000000e-05
 -3.21414973e-06  1.99974151e-02  2.58489533e-06  2.16311988e-01
  1.32104248e-02  2.19405532e-01  3.75055064e+00  2.59748622e+00] 
[1.01007361 1.         0.88259603 0.97588802 0.98902524 1.01485543
 0.91177985] 

 
Pareto Frontier. Run number: 1 
[6774.15121218] 
[[0.04276286]] 
[[1520.00001144]] 
37622.1496525 
[-3.02810804e-09 -3.65441399e-06  1.78992641e-02  1.00000000e-05
 -1.14380884e-07  1.99985538e-02  1.44622763e-06  2.23359640e-01
  1.27628601e-02  1.84614050e-01  3.65469156e+00  2.61150847e+00] 
[0.99649546 0.99799573 0.89891294 0.9787851  0.98942899 1.01134811
 0.9110472 ] 

 
Pareto Frontier. Run number: 2 
[6779.3035898] 
[[0.0416921]] 
[[1520.00626661]] 
37466.1934818 
[ 1.47138067e-04 -1.14435143e-04  2.01345115e-02  1.00000000e-05
 -6.26661474e-05  1.98219551e-02  1.78044916e-04  2.28982299e-01
  1.16921023e-02  1.42775129e-01  3.96421545e+00  2.66292146e+00] 
[0.98178342 0.98879677 0.91784174 0.98854735 0.98974208 1.00715574
 0.91006238] 

 
Pareto Frontier. Run number: 3 
[6803.23250079] 
[[0.03948729]] 
[[1520.0066436]] 
37169.2080166 
[ 6.85940557e-05 -6.65997460e-05  2.45900710e-02  1.00000000e-05
 -6.64360104e-05  1.98575709e-02  1.42429064e-04  2.30454307e-01
  9.48728521e-03  6.20580290e-02  4.78284261e+00  2.90225841e+00] 
[0.95231945 0.97351843 0.96126395 1.         0.98974231 0.99917226
 0.90774029] 

 
Pareto Frontier. Run number: 4 
[6843.28570056] 
[[0.03758065]] 
[[1520.00253064]] 
36944.0875652 
[-9.33189864e-05 -1.38583910e-04  2.82556402e-02  1.00000000e-05
 -2.53064103e-05  1.99530418e-02  4.69582436e-05  2.16197949e-01
  7.58064973e-03 -1.64652510e-05  5.89791558e+00  3.30271842e+00] 
[0.92851182 0.96359212 1.00455825 1.         0.98875507 0.99312063
 0.90529616] 

 
Pareto Frontier. Run number: 5 
[6963.41078145] 
[[0.03214683]] 
[[1509.73860415]] 
36689.9055817 
[-4.01755929e-06 -8.01024780e-06  3.48576744e-02  1.00000000e-05
  1.02613959e-01  1.99981104e-02  1.88964445e-06  1.36264981e-01
  2.14682824e-03 -2.39172142e-06  1.16227093e+01  2.75907548e-05] 
[0.90698471 0.92842955 1.07978684 1.         0.98357282 0.98628778
 0.90023233] 

 
Pareto Frontier. Run number: 6 
[6963.40846949] 
[[0.03214706]] 
[[1509.74061017]] 
36689.8840281 
[-5.15475658e-05 -1.23887223e-04  3.48576960e-02  1.00000000e-05
  1.02593898e-01  1.99477530e-02  5.22470040e-05  1.36269772e-01
  2.14706043e-03 -2.18562886e-05  1.16222505e+01  3.55666775e-04] 
[0.90698257 0.9284308  1.07978671 1.         0.98357356 0.98628721
 0.90023248] 

 
Pareto Frontier. Run number: 7 
[6987.96609489] 
[[0.03193288]] 
[[1509.04330114]] 
36672.5995904 
[-2.72693628e-05 -1.01606012e-04  3.52594700e-02  1.00000000e-05
  1.09566989e-01  1.99073123e-02  9.26877490e-05  1.16022553e-01
  1.93287983e-03 -1.10624125e-05  1.23307720e+01  1.26243294e-04] 
[0.90420994 0.92910339 1.09241538 0.99233043 0.98226383 0.98582257
 0.89938905] 

 
Pareto Frontier. Run number: 8 
[7036.05408585] 
[[0.03154353]] 
[[1508.2167647]] 
36652.0111609 
[-2.20504913e-06 -7.58215148e-06  3.59717291e-02  1.00000000e-05
  1.17832353e-01  1.99940111e-02  5.98889519e-06  7.24882036e-02
  1.54352816e-03 -9.04190470e-07  1.37585650e+01  1.70217522e-05] 
[0.90022278 0.9297189  1.11478872 0.9787629  0.97945127 0.98526912
 0.89781211] 

 
Pareto Frontier. Run number: 9 
[7101.33210514] 
[[0.03127015]] 
[[1517.33666085]] 
36615.8665757 
[-4.04392991e-06 -1.71600331e-05  3.62060069e-02  1.00000000e-05
  2.66333915e-02  1.99842662e-02  1.57337854e-05 -2.14586322e-06
  1.27014719e-03 -1.46770445e-06  1.53256158e+01  2.57813117e-05] 
[0.89549734 0.93915184 1.14570231 0.95283744 0.97542336 0.98429749
 0.89562072] 

 
Total run time: 34150.0979998