Output file with compressibility drag breakdown

  VEHICLE TAG : cruise

  REFERENCE AREA ................  69.9 m2 
  MAIN WING SWEEP ...............  23.0 deg
  MAIN WING THICKNESS RATIO .....  0.12    
 
 TOTAL COMPRESSIBILITY DRAG 
  CL   |  M=0.450 | M=0.500 | M=0.550 | M=0.600 | M=0.650 | M=0.700 | M=0.750 | M=0.800 | M=0.850 | M=0.900 | M=0.950 | 
 0.300 |  0.00000 | 0.00000 | 0.00001 | 0.00005 | 0.00017 | 0.00051 | 0.00139 | 0.00358 | 0.00870 | 0.02008 | 0.04433 | 
 0.350 |  0.00000 | 0.00000 | 0.00002 | 0.00006 | 0.00021 | 0.00062 | 0.00170 | 0.00437 | 0.01061 | 0.02451 | 0.05409 | 
 0.400 |  0.00000 | 0.00001 | 0.00002 | 0.00008 | 0.00025 | 0.00075 | 0.00206 | 0.00530 | 0.01288 | 0.02973 | 0.06561 | 
 0.450 |  0.00000 | 0.00001 | 0.00003 | 0.00009 | 0.00031 | 0.00090 | 0.00248 | 0.00638 | 0.01550 | 0.03580 | 0.07901 | 
 0.500 |  0.00000 | 0.00001 | 0.00003 | 0.00011 | 0.00036 | 0.00108 | 0.00296 | 0.00762 | 0.01851 | 0.04275 | 0.09435 | 
 0.550 |  0.00000 | 0.00001 | 0.00004 | 0.00013 | 0.00043 | 0.00128 | 0.00350 | 0.00901 | 0.02190 | 0.05057 | 0.11160 | 
 0.600 |  0.00000 | 0.00001 | 0.00004 | 0.00016 | 0.00050 | 0.00149 | 0.00410 | 0.01055 | 0.02564 | 0.05921 | 0.13067 | 
 0.650 |  0.00000 | 0.00001 | 0.00005 | 0.00018 | 0.00058 | 0.00173 | 0.00475 | 0.01222 | 0.02969 | 0.06856 | 0.15131 | 
 0.700 |  0.00000 | 0.00001 | 0.00006 | 0.00021 | 0.00067 | 0.00198 | 0.00544 | 0.01399 | 0.03399 | 0.07848 | 0.17320 | 
 0.750 |  0.00000 | 0.00002 | 0.00007 | 0.00023 | 0.00076 | 0.00224 | 0.00615 | 0.01582 | 0.03843 | 0.08874 | 0.19585 | 
 0.800 |  0.00000 | 0.00002 | 0.00007 | 0.00026 | 0.00084 | 0.00250 | 0.00687 | 0.01766 | 0.04291 | 0.09908 | 0.21867 | 
-----------------------------------------------------------------------------------------------------------------------
 HORIZONTAL_STABILIZER  ( t/c: 0.110 )
  CL   |  M=0.450 | M=0.500 | M=0.550 | M=0.600 | M=0.650 | M=0.700 | M=0.750 | M=0.800 | M=0.850 | M=0.900 | M=0.950 | 
 0.300 |  0.00000 | 0.00000 | 0.00000 | 0.00000 | 0.00001 | 0.00003 | 0.00008 | 0.00021 | 0.00052 | 0.00120 | 0.00264 | 
 0.350 |  0.00000 | 0.00000 | 0.00000 | 0.00000 | 0.00001 | 0.00003 | 0.00008 | 0.00021 | 0.00052 | 0.00120 | 0.00264 | 
 0.400 |  0.00000 | 0.00000 | 0.00000 | 0.00000 | 0.00001 | 0.00003 | 0.00008 | 0.00021 | 0.00052 | 0.00120 | 0.00264 | 
 0.450 |  0.00000 | 0.00000 | 0.00000 | 0.00000 | 0.00001 | 0.00003 | 0.00008 | 0.00021 | 0.00052 | 0.00120 | 0.00264 | 
 0.500 |  0.00000 | 0.00000 | 0.00000 | 0.00000 | 0.00001 | 0.00003 | 0.00008 | 0.00021 | 0.00052 | 0.00120 | 0.00264 | 
 0.550 |  0.00000 | 0.00000 | 0.00000 | 0.00000 | 0.00001 | 0.00003 | 0.00008 | 0.00021 | 0.00052 | 0.00120 | 0.00264 | 
 0.600 |  0.00000 | 0.00000 | 0.00000 | 0.00000 | 0.00001 | 0.00003 | 0.00008 | 0.00021 | 0.00052 | 0.00120 | 0.00264 | 
 0.650 |  0.00000 | 0.00000 | 0.00000 | 0.00000 | 0.00001 | 0.00003 | 0.00008 | 0.00021 | 0.00052 | 0.00120 | 0.00264 | 
 0.700 |  0.00000 | 0.00000 | 0.00000 | 0.00000 | 0.00001 | 0.00003 | 0.00008 | 0.00021 | 0.00052 | 0.00120 | 0.00264 | 
 0.750 |  0.00000 | 0.00000 | 0.00000 | 0.00000 | 0.00001 | 0.00003 | 0.00008 | 0.00021 | 0.00052 | 0.00120 | 0.00264 | 
 0.800 |  0.00000 | 0.00000 | 0.00000 | 0.00000 | 0.00001 | 0.00003 | 0.00008 | 0.00021 | 0.00052 | 0.00120 | 0.00264 | 
-----------------------------------------------------------------------------------------------------------------------
 MAIN_WING  ( t/c: 0.124 )
  CL   |  M=0.450 | M=0.500 | M=0.550 | M=0.600 | M=0.650 | M=0.700 | M=0.750 | M=0.800 | M=0.850 | M=0.900 | M=0.950 | 
 0.300 |  0.00000 | 0.00000 | 0.00001 | 0.00005 | 0.00016 | 0.00046 | 0.00126 | 0.00325 | 0.00789 | 0.01823 | 0.04022 | 
 0.350 |  0.00000 | 0.00000 | 0.00002 | 0.00006 | 0.00019 | 0.00057 | 0.00157 | 0.00404 | 0.00981 | 0.02265 | 0.04999 | 
 0.400 |  0.00000 | 0.00001 | 0.00002 | 0.00007 | 0.00024 | 0.00070 | 0.00193 | 0.00497 | 0.01207 | 0.02787 | 0.06151 | 
 0.450 |  0.00000 | 0.00001 | 0.00003 | 0.00009 | 0.00029 | 0.00086 | 0.00235 | 0.00605 | 0.01470 | 0.03394 | 0.07491 | 
 0.500 |  0.00000 | 0.00001 | 0.00003 | 0.00011 | 0.00035 | 0.00103 | 0.00283 | 0.00729 | 0.01771 | 0.04089 | 0.09024 | 
 0.550 |  0.00000 | 0.00001 | 0.00004 | 0.00013 | 0.00042 | 0.00123 | 0.00338 | 0.00868 | 0.02109 | 0.04871 | 0.10750 | 
 0.600 |  0.00000 | 0.00001 | 0.00004 | 0.00015 | 0.00049 | 0.00145 | 0.00397 | 0.01022 | 0.02484 | 0.05735 | 0.12656 | 
 0.650 |  0.00000 | 0.00001 | 0.00005 | 0.00018 | 0.00057 | 0.00168 | 0.00462 | 0.01189 | 0.02889 | 0.06670 | 0.14721 | 
 0.700 |  0.00000 | 0.00001 | 0.00006 | 0.00020 | 0.00065 | 0.00193 | 0.00531 | 0.01366 | 0.03318 | 0.07662 | 0.16910 | 
 0.750 |  0.00000 | 0.00002 | 0.00006 | 0.00023 | 0.00074 | 0.00219 | 0.00602 | 0.01549 | 0.03763 | 0.08688 | 0.19175 | 
 0.800 |  0.00000 | 0.00002 | 0.00007 | 0.00026 | 0.00083 | 0.00245 | 0.00674 | 0.01733 | 0.04211 | 0.09723 | 0.21457 | 
-----------------------------------------------------------------------------------------------------------------------
 VERTICAL_STABILIZER  ( t/c: 0.120 )
  CL   |  M=0.450 | M=0.500 | M=0.550 | M=0.600 | M=0.650 | M=0.700 | M=0.750 | M=0.800 | M=0.850 | M=0.900 | M=0.950 | 
 0.300 |  0.00000 | 0.00000 | 0.00000 | 0.00000 | 0.00001 | 0.00002 | 0.00005 | 0.00012 | 0.00029 | 0.00066 | 0.00146 | 
 0.350 |  0.00000 | 0.00000 | 0.00000 | 0.00000 | 0.00001 | 0.00002 | 0.00005 | 0.00012 | 0.00029 | 0.00066 | 0.00146 | 
 0.400 |  0.00000 | 0.00000 | 0.00000 | 0.00000 | 0.00001 | 0.00002 | 0.00005 | 0.00012 | 0.00029 | 0.00066 | 0.00146 | 
 0.450 |  0.00000 | 0.00000 | 0.00000 | 0.00000 | 0.00001 | 0.00002 | 0.00005 | 0.00012 | 0.00029 | 0.00066 | 0.00146 | 
 0.500 |  0.00000 | 0.00000 | 0.00000 | 0.00000 | 0.00001 | 0.00002 | 0.00005 | 0.00012 | 0.00029 | 0.00066 | 0.00146 | 
 0.550 |  0.00000 | 0.00000 | 0.00000 | 0.00000 | 0.00001 | 0.00002 | 0.00005 | 0.00012 | 0.00029 | 0.00066 | 0.00146 | 
 0.600 |  0.00000 | 0.00000 | 0.00000 | 0.00000 | 0.00001 | 0.00002 | 0.00005 | 0.00012 | 0.00029 | 0.00066 | 0.00146 | 
 0.650 |  0.00000 | 0.00000 | 0.00000 | 0.00000 | 0.00001 | 0.00002 | 0.00005 | 0.00012 | 0.00029 | 0.00066 | 0.00146 | 
 0.700 |  0.00000 | 0.00000 | 0.00000 | 0.00000 | 0.00001 | 0.00002 | 0.00005 | 0.00012 | 0.00029 | 0.00066 | 0.00146 | 
 0.750 |  0.00000 | 0.00000 | 0.00000 | 0.00000 | 0.00001 | 0.00002 | 0.00005 | 0.00012 | 0.00029 | 0.00066 | 0.00146 | 
 0.800 |  0.00000 | 0.00000 | 0.00000 | 0.00000 | 0.00001 | 0.00002 | 0.00005 | 0.00012 | 0.00029 | 0.00066 | 0.00146 | 
-----------------------------------------------------------------------------------------------------------------------

 Sunday, 23. September 2018 06:01:58 PM