 Pareto results 
Pareto Frontier. Run number: 0 
[7071.46653619] 
[[0.03201496]] 
[[1520.01941305]] 
37190.46202494393 
[2.04433707e+00 3.16228257e-02 1.00000000e-05 1.94130511e-04
 2.06534158e+00 3.96611473e-01 3.38852728e-03 1.92915351e-04
 2.01495968e-03 1.57101093e-01 7.43887728e-02 1.42147851e-01] 
[0.72610459 0.08890686 0.11288668 0.22846652 0.11023254 1.        ] 

 
Pareto Frontier. Run number: 1 
[7059.63329523] 
[[0.03605939]] 
[[1519.72428858]] 
37178.11231195684 
[2.05617031e+00 2.75535065e-02 1.00000000e-05 2.75711422e-03
 2.07769129e+00 1.20462565e-01 2.79537435e-01 1.63066417e-02
 6.05938823e-03 1.49264147e-01 2.31488048e-03 5.47000000e-01] 
[0.71283974 0.09414484 0.11851542 0.22688809 0.11036791 0.75      ] 

 
Pareto Frontier. Run number: 2 
[7076.97176949] 
[[0.03111948]] 
[[1519.99740745]] 
36975.531114165875 
[2.03883184e+00 3.35155146e-02 1.00000000e-05 2.59255343e-05
 2.28027249e+00 4.00768720e-01 7.68719798e-04 6.61822964e-03
 1.11948374e-03 9.37160743e-02 1.75422291e-01 3.23319387e-05] 
[0.70370189 0.08971605 0.1201221  0.23842594 0.1102678  0.5       ] 

 
Pareto Frontier. Run number: 3 
[7061.81866372] 
[[0.03809492]] 
[[1520.04063232]] 
37105.36908657361 
[2.05398494e+00 2.60251199e-02 1.00000000e-05 4.06323234e-04
 2.15043452e+00 4.13468218e-01 1.34682175e-02 1.80052623e-02
 8.09491745e-03 1.22595030e-01 2.84998748e-02 5.47000000e-01] 
[0.69939543 0.09742326 0.12439899 0.22998287 0.11034255 0.25      ] 

 
Pareto Frontier. Run number: 4 
[7090.01741671] 
[[0.03102916]] 
[[1501.29950339]] 
36820.45253528669 
[2.02578619e+00 3.37449838e-02 1.00000000e-05 1.87004966e-01
 2.43535107e+00 3.99484246e-01 5.15754463e-04 4.06689290e-04
 1.02916101e-03 1.71601724e-01 7.02361024e-01 2.77661787e-03] 
[0.69059678 0.0916033  0.13170655 0.25408055 0.11021385 0.        ] 

 
Total run time: 12638.1270001