Output file with compressibility drag breakdown

  VEHICLE TAG : cruise

  REFERENCE AREA ................  63.2 m2 
  MAIN WING SWEEP ...............   0.0 deg
  MAIN WING THICKNESS RATIO .....  0.15    
 
 TOTAL COMPRESSIBILITY DRAG 
  CL   |  M=0.450 | M=0.500 | M=0.550 | M=0.600 | M=0.650 | M=0.700 | M=0.750 | M=0.800 | M=0.850 | M=0.900 | M=0.950 | 
 0.300 |  0.00000 | 0.00002 | 0.00008 | 0.00028 | 0.00089 | 0.00263 | 0.00723 | 0.01860 | 0.04518 | 0.10432 | 0.23023 | 
 0.350 |  0.00000 | 0.00002 | 0.00009 | 0.00032 | 0.00105 | 0.00310 | 0.00852 | 0.02192 | 0.05325 | 0.12297 | 0.27138 | 
 0.400 |  0.00001 | 0.00003 | 0.00011 | 0.00038 | 0.00123 | 0.00365 | 0.01002 | 0.02577 | 0.06259 | 0.14454 | 0.31898 | 
 0.450 |  0.00001 | 0.00003 | 0.00013 | 0.00045 | 0.00144 | 0.00427 | 0.01173 | 0.03017 | 0.07329 | 0.16923 | 0.37347 | 
 0.500 |  0.00001 | 0.00004 | 0.00015 | 0.00052 | 0.00168 | 0.00498 | 0.01366 | 0.03515 | 0.08539 | 0.19718 | 0.43516 | 
 0.550 |  0.00001 | 0.00004 | 0.00017 | 0.00060 | 0.00195 | 0.00577 | 0.01583 | 0.04073 | 0.09894 | 0.22846 | 0.50419 | 
 0.600 |  0.00001 | 0.00005 | 0.00019 | 0.00069 | 0.00224 | 0.00664 | 0.01823 | 0.04689 | 0.11391 | 0.26302 | 0.58047 | 
 0.650 |  0.00001 | 0.00006 | 0.00022 | 0.00079 | 0.00256 | 0.00759 | 0.02084 | 0.05361 | 0.13023 | 0.30071 | 0.66364 | 
 0.700 |  0.00001 | 0.00006 | 0.00025 | 0.00090 | 0.00291 | 0.00861 | 0.02365 | 0.06083 | 0.14777 | 0.34123 | 0.75306 | 
 0.750 |  0.00002 | 0.00007 | 0.00028 | 0.00101 | 0.00328 | 0.00969 | 0.02662 | 0.06848 | 0.16635 | 0.38412 | 0.84772 | 
 0.800 |  0.00002 | 0.00008 | 0.00032 | 0.00113 | 0.00366 | 0.01082 | 0.02971 | 0.07644 | 0.18569 | 0.42879 | 0.94630 | 
-----------------------------------------------------------------------------------------------------------------------
 HORIZONTAL_STABILIZER  ( t/c: 0.120 )
  CL   |  M=0.450 | M=0.500 | M=0.550 | M=0.600 | M=0.650 | M=0.700 | M=0.750 | M=0.800 | M=0.850 | M=0.900 | M=0.950 | 
 0.300 |  0.00000 | 0.00000 | 0.00001 | 0.00003 | 0.00011 | 0.00031 | 0.00086 | 0.00222 | 0.00540 | 0.01247 | 0.02751 | 
 0.350 |  0.00000 | 0.00000 | 0.00001 | 0.00003 | 0.00011 | 0.00031 | 0.00086 | 0.00222 | 0.00540 | 0.01247 | 0.02751 | 
 0.400 |  0.00000 | 0.00000 | 0.00001 | 0.00003 | 0.00011 | 0.00031 | 0.00086 | 0.00222 | 0.00540 | 0.01247 | 0.02751 | 
 0.450 |  0.00000 | 0.00000 | 0.00001 | 0.00003 | 0.00011 | 0.00031 | 0.00086 | 0.00222 | 0.00540 | 0.01247 | 0.02751 | 
 0.500 |  0.00000 | 0.00000 | 0.00001 | 0.00003 | 0.00011 | 0.00031 | 0.00086 | 0.00222 | 0.00540 | 0.01247 | 0.02751 | 
 0.550 |  0.00000 | 0.00000 | 0.00001 | 0.00003 | 0.00011 | 0.00031 | 0.00086 | 0.00222 | 0.00540 | 0.01247 | 0.02751 | 
 0.600 |  0.00000 | 0.00000 | 0.00001 | 0.00003 | 0.00011 | 0.00031 | 0.00086 | 0.00222 | 0.00540 | 0.01247 | 0.02751 | 
 0.650 |  0.00000 | 0.00000 | 0.00001 | 0.00003 | 0.00011 | 0.00031 | 0.00086 | 0.00222 | 0.00540 | 0.01247 | 0.02751 | 
 0.700 |  0.00000 | 0.00000 | 0.00001 | 0.00003 | 0.00011 | 0.00031 | 0.00086 | 0.00222 | 0.00540 | 0.01247 | 0.02751 | 
 0.750 |  0.00000 | 0.00000 | 0.00001 | 0.00003 | 0.00011 | 0.00031 | 0.00086 | 0.00222 | 0.00540 | 0.01247 | 0.02751 | 
 0.800 |  0.00000 | 0.00000 | 0.00001 | 0.00003 | 0.00011 | 0.00031 | 0.00086 | 0.00222 | 0.00540 | 0.01247 | 0.02751 | 
-----------------------------------------------------------------------------------------------------------------------
 MAIN_WING  ( t/c: 0.153 )
  CL   |  M=0.450 | M=0.500 | M=0.550 | M=0.600 | M=0.650 | M=0.700 | M=0.750 | M=0.800 | M=0.850 | M=0.900 | M=0.950 | 
 0.300 |  0.00000 | 0.00002 | 0.00007 | 0.00024 | 0.00077 | 0.00228 | 0.00626 | 0.01611 | 0.03913 | 0.09034 | 0.19938 | 
 0.350 |  0.00000 | 0.00002 | 0.00008 | 0.00029 | 0.00093 | 0.00275 | 0.00755 | 0.01943 | 0.04720 | 0.10899 | 0.24054 | 
 0.400 |  0.00001 | 0.00002 | 0.00010 | 0.00034 | 0.00111 | 0.00329 | 0.00905 | 0.02328 | 0.05654 | 0.13056 | 0.28814 | 
 0.450 |  0.00001 | 0.00003 | 0.00011 | 0.00041 | 0.00132 | 0.00392 | 0.01076 | 0.02768 | 0.06724 | 0.15525 | 0.34263 | 
 0.500 |  0.00001 | 0.00003 | 0.00014 | 0.00048 | 0.00156 | 0.00462 | 0.01270 | 0.03266 | 0.07934 | 0.18321 | 0.40432 | 
 0.550 |  0.00001 | 0.00004 | 0.00016 | 0.00057 | 0.00183 | 0.00541 | 0.01486 | 0.03824 | 0.09289 | 0.21448 | 0.47335 | 
 0.600 |  0.00001 | 0.00005 | 0.00018 | 0.00066 | 0.00212 | 0.00628 | 0.01726 | 0.04440 | 0.10785 | 0.24905 | 0.54963 | 
 0.650 |  0.00001 | 0.00005 | 0.00021 | 0.00076 | 0.00245 | 0.00724 | 0.01987 | 0.05112 | 0.12418 | 0.28674 | 0.63280 | 
 0.700 |  0.00001 | 0.00006 | 0.00024 | 0.00086 | 0.00279 | 0.00826 | 0.02268 | 0.05834 | 0.14172 | 0.32725 | 0.72222 | 
 0.750 |  0.00001 | 0.00007 | 0.00027 | 0.00098 | 0.00316 | 0.00934 | 0.02565 | 0.06599 | 0.16030 | 0.37014 | 0.81688 | 
 0.800 |  0.00002 | 0.00008 | 0.00031 | 0.00110 | 0.00354 | 0.01047 | 0.02874 | 0.07395 | 0.17964 | 0.41481 | 0.91545 | 
-----------------------------------------------------------------------------------------------------------------------
 VERTICAL_STABILIZER  ( t/c: 0.120 )
  CL   |  M=0.450 | M=0.500 | M=0.550 | M=0.600 | M=0.650 | M=0.700 | M=0.750 | M=0.800 | M=0.850 | M=0.900 | M=0.950 | 
 0.300 |  0.00000 | 0.00000 | 0.00000 | 0.00000 | 0.00001 | 0.00004 | 0.00010 | 0.00027 | 0.00065 | 0.00151 | 0.00333 | 
 0.350 |  0.00000 | 0.00000 | 0.00000 | 0.00000 | 0.00001 | 0.00004 | 0.00010 | 0.00027 | 0.00065 | 0.00151 | 0.00333 | 
 0.400 |  0.00000 | 0.00000 | 0.00000 | 0.00000 | 0.00001 | 0.00004 | 0.00010 | 0.00027 | 0.00065 | 0.00151 | 0.00333 | 
 0.450 |  0.00000 | 0.00000 | 0.00000 | 0.00000 | 0.00001 | 0.00004 | 0.00010 | 0.00027 | 0.00065 | 0.00151 | 0.00333 | 
 0.500 |  0.00000 | 0.00000 | 0.00000 | 0.00000 | 0.00001 | 0.00004 | 0.00010 | 0.00027 | 0.00065 | 0.00151 | 0.00333 | 
 0.550 |  0.00000 | 0.00000 | 0.00000 | 0.00000 | 0.00001 | 0.00004 | 0.00010 | 0.00027 | 0.00065 | 0.00151 | 0.00333 | 
 0.600 |  0.00000 | 0.00000 | 0.00000 | 0.00000 | 0.00001 | 0.00004 | 0.00010 | 0.00027 | 0.00065 | 0.00151 | 0.00333 | 
 0.650 |  0.00000 | 0.00000 | 0.00000 | 0.00000 | 0.00001 | 0.00004 | 0.00010 | 0.00027 | 0.00065 | 0.00151 | 0.00333 | 
 0.700 |  0.00000 | 0.00000 | 0.00000 | 0.00000 | 0.00001 | 0.00004 | 0.00010 | 0.00027 | 0.00065 | 0.00151 | 0.00333 | 
 0.750 |  0.00000 | 0.00000 | 0.00000 | 0.00000 | 0.00001 | 0.00004 | 0.00010 | 0.00027 | 0.00065 | 0.00151 | 0.00333 | 
 0.800 |  0.00000 | 0.00000 | 0.00000 | 0.00000 | 0.00001 | 0.00004 | 0.00010 | 0.00027 | 0.00065 | 0.00151 | 0.00333 | 
-----------------------------------------------------------------------------------------------------------------------

 Wednesday, 26. September 2018 04:11:20 AM