 Pareto results 
Pareto Frontier. Run number: 0 
[1990.05113402] 
[[0.04507082]] 
[[1391.02348757]] 
23379.871693706697 
[9.94886598e-03 5.11340173e-05 3.95538906e-02 2.31579589e-02
 2.34875712e-04 4.00000275e-01 2.75217133e-07 1.21475856e-02
 5.67082084e-03 1.18786495e-01 1.41999622e-04 1.01560329e+00] 
[6.31055657e-01 1.36956995e-01 1.52297576e-01 6.61228424e-07
 3.31301742e-01 0.00000000e+00 1.00000000e+00] 

 
Pareto Frontier. Run number: 1 
[1990.00842129] 
[[0.0452701]] 
[[1391.00315067]] 
23384.5731000502 
[9.99157871e-03 8.42128954e-06 3.89505296e-02 2.37004743e-02
 3.15067151e-05 4.00006435e-01 6.43458895e-06 1.21475856e-02
 5.87010262e-03 1.21088692e-01 4.43787049e-02 1.05431296e+00] 
[6.31699978e-01 1.37544931e-01 1.53212758e-01 8.75914932e-07
 3.31301735e-01 0.00000000e+00 7.50000000e-01] 

 
Pareto Frontier. Run number: 2 
[1990.00117157] 
[[0.04509409]] 
[[1391.00054515]] 
23382.19295466558 
[9.99882843e-03 1.17156588e-06 3.94451606e-02 2.32407562e-02
 5.45145549e-06 4.00000000e-01 3.86535248e-12 1.21475856e-02
 5.69409014e-03 1.19631784e-01 3.74869629e-06 1.02025334e+00] 
[6.31190895e-01 1.37042822e-01 1.52293762e-01 2.94545995e-05
 3.31301742e-01 0.00000000e+00 5.00000000e-01] 

 
Pareto Frontier. Run number: 3 
[1990.00305075] 
[[0.04525666]] 
[[1391.00126036]] 
23384.428541533383 
[9.99694925e-03 3.05075036e-06 3.89874467e-02 2.36671955e-02
 1.26036080e-05 4.00000000e-01 0.00000000e+00 1.21475856e-02
 5.85665572e-03 1.20989548e-01 4.07289402e-02 1.05170974e+00] 
[6.31658962e-01 1.37507358e-01 1.53138928e-01 0.00000000e+00
 3.31301742e-01 2.09467860e-16 2.50000000e-01] 

 
Pareto Frontier. Run number: 4 
[1990.0083325] 
[[0.04526975]] 
[[1391.00313197]] 
23384.56747968644 
[9.99166750e-03 8.33249749e-06 3.89515371e-02 2.36995848e-02
 3.13197078e-05 4.00000000e-01 0.00000000e+00 1.21475856e-02
 5.86974982e-03 1.21085436e-01 4.42881145e-02 1.05424452e+00] 
[6.31698834e-01 1.37543928e-01 1.53210933e-01 1.95130896e-07
 3.31301742e-01 0.00000000e+00 0.00000000e+00] 

 
Total run time: 20033.3839998