 Pareto results 
Pareto Frontier. Run number: 0 
[1990.0000042] 
[[0.0459002]] 
[[1385.5554168]] 
23508.078521352392 
[ 9.99999580e-03  4.19713979e-09  3.48590089e-02  2.54298252e-02
  5.44458320e-02  4.00000000e-01  5.68434189e-14  1.21475856e-02
  6.50019652e-03  1.86948049e-01 -2.41781480e-07  1.18468433e+00] 
[0.63987103 0.14       0.15080654 0.03803864 0.33130174 0.
 1.        ] 

 
Pareto Frontier. Run number: 1 
[1990.00001153] 
[[0.04590005]] 
[[1385.55596068]] 
23508.143912458057 
[ 9.99998847e-03  1.15330495e-08  3.48580209e-02  2.54295385e-02
  5.44403932e-02  4.00000000e-01  7.38964445e-13  1.21475856e-02
  6.50004722e-03  1.86958342e-01 -2.26786536e-07  1.18466153e+00] 
[0.63987441 0.14       0.15080535 0.03812301 0.33130174 0.
 0.75      ] 

 
Pareto Frontier. Run number: 2 
[1990.000004] 
[[0.04590005]] 
[[1385.55598715]] 
23508.144213106698 
[ 9.99999600e-03  3.99705823e-09  3.48580174e-02  2.54295387e-02
  5.44401285e-02  4.00000000e-01  1.21076482e-11  1.21475856e-02
  6.50004589e-03  1.86958240e-01 -2.18412971e-07  1.18466131e+00] 
[0.63987442 0.14       0.15080535 0.0381236  0.33130174 0.
 0.5       ] 

 
Pareto Frontier. Run number: 3 
[1990.00000579] 
[[0.04590005]] 
[[1385.55598055]] 
23508.144106313026 
[ 9.99999421e-03  5.79167681e-09  3.48580188e-02  2.54295388e-02
  5.44401945e-02  4.00000000e-01  1.94233962e-10  1.21475856e-02
  6.50004628e-03  1.86958259e-01 -2.21049530e-07  1.18466138e+00] 
[0.63987442 0.14       0.15080535 0.03812341 0.33130174 0.
 0.25      ] 

 
Pareto Frontier. Run number: 4 
[1990.000007] 
[[0.04590004]] 
[[1385.5560017]] 
23508.146983862505 
[ 9.99999300e-03  6.99666452e-09  3.48579752e-02  2.54295260e-02
  5.44399830e-02  4.00000003e-01  3.10893711e-09  1.21475856e-02
  6.50003979e-03  1.86958729e-01 -2.19607450e-07  1.18466039e+00] 
[6.39874566e-01 1.40000000e-01 1.50805296e-01 3.81270990e-02
 3.31301742e-01 3.26259028e-17 0.00000000e+00] 

 
Total run time: 17671.108