Output file with compressibility drag breakdown

  VEHICLE TAG : cruise

  REFERENCE AREA ................  72.7 m2 
  MAIN WING SWEEP ...............  24.2 deg
  MAIN WING THICKNESS RATIO .....  0.11    
 
 TOTAL COMPRESSIBILITY DRAG 
  CL   |  M=0.450 | M=0.500 | M=0.550 | M=0.600 | M=0.650 | M=0.700 | M=0.750 | M=0.800 | M=0.850 | M=0.900 | M=0.950 | 
 0.300 |  0.00000 | 0.00000 | 0.00001 | 0.00004 | 0.00012 | 0.00035 | 0.00097 | 0.00250 | 0.00607 | 0.01402 | 0.03094 | 
 0.350 |  0.00000 | 0.00000 | 0.00001 | 0.00005 | 0.00015 | 0.00043 | 0.00118 | 0.00304 | 0.00740 | 0.01708 | 0.03770 | 
 0.400 |  0.00000 | 0.00000 | 0.00002 | 0.00005 | 0.00018 | 0.00052 | 0.00144 | 0.00369 | 0.00897 | 0.02072 | 0.04574 | 
 0.450 |  0.00000 | 0.00000 | 0.00002 | 0.00007 | 0.00021 | 0.00063 | 0.00173 | 0.00446 | 0.01083 | 0.02500 | 0.05517 | 
 0.500 |  0.00000 | 0.00001 | 0.00002 | 0.00008 | 0.00026 | 0.00076 | 0.00207 | 0.00534 | 0.01296 | 0.02993 | 0.06605 | 
 0.550 |  0.00000 | 0.00001 | 0.00003 | 0.00009 | 0.00030 | 0.00090 | 0.00246 | 0.00633 | 0.01539 | 0.03553 | 0.07841 | 
 0.600 |  0.00000 | 0.00001 | 0.00003 | 0.00011 | 0.00036 | 0.00105 | 0.00289 | 0.00745 | 0.01809 | 0.04177 | 0.09219 | 
 0.650 |  0.00000 | 0.00001 | 0.00004 | 0.00013 | 0.00041 | 0.00123 | 0.00337 | 0.00866 | 0.02104 | 0.04859 | 0.10724 | 
 0.700 |  0.00000 | 0.00001 | 0.00004 | 0.00015 | 0.00048 | 0.00141 | 0.00387 | 0.00996 | 0.02421 | 0.05589 | 0.12335 | 
 0.750 |  0.00000 | 0.00001 | 0.00005 | 0.00017 | 0.00054 | 0.00160 | 0.00440 | 0.01132 | 0.02751 | 0.06352 | 0.14018 | 
 0.800 |  0.00000 | 0.00001 | 0.00005 | 0.00019 | 0.00061 | 0.00180 | 0.00494 | 0.01271 | 0.03087 | 0.07128 | 0.15730 | 
-----------------------------------------------------------------------------------------------------------------------
 HORIZONTAL_STABILIZER  ( t/c: 0.110 )
  CL   |  M=0.450 | M=0.500 | M=0.550 | M=0.600 | M=0.650 | M=0.700 | M=0.750 | M=0.800 | M=0.850 | M=0.900 | M=0.950 | 
 0.300 |  0.00000 | 0.00000 | 0.00000 | 0.00000 | 0.00001 | 0.00003 | 0.00008 | 0.00021 | 0.00052 | 0.00120 | 0.00264 | 
 0.350 |  0.00000 | 0.00000 | 0.00000 | 0.00000 | 0.00001 | 0.00003 | 0.00008 | 0.00021 | 0.00052 | 0.00120 | 0.00264 | 
 0.400 |  0.00000 | 0.00000 | 0.00000 | 0.00000 | 0.00001 | 0.00003 | 0.00008 | 0.00021 | 0.00052 | 0.00120 | 0.00264 | 
 0.450 |  0.00000 | 0.00000 | 0.00000 | 0.00000 | 0.00001 | 0.00003 | 0.00008 | 0.00021 | 0.00052 | 0.00120 | 0.00264 | 
 0.500 |  0.00000 | 0.00000 | 0.00000 | 0.00000 | 0.00001 | 0.00003 | 0.00008 | 0.00021 | 0.00052 | 0.00120 | 0.00264 | 
 0.550 |  0.00000 | 0.00000 | 0.00000 | 0.00000 | 0.00001 | 0.00003 | 0.00008 | 0.00021 | 0.00052 | 0.00120 | 0.00264 | 
 0.600 |  0.00000 | 0.00000 | 0.00000 | 0.00000 | 0.00001 | 0.00003 | 0.00008 | 0.00021 | 0.00052 | 0.00120 | 0.00264 | 
 0.650 |  0.00000 | 0.00000 | 0.00000 | 0.00000 | 0.00001 | 0.00003 | 0.00008 | 0.00021 | 0.00052 | 0.00120 | 0.00264 | 
 0.700 |  0.00000 | 0.00000 | 0.00000 | 0.00000 | 0.00001 | 0.00003 | 0.00008 | 0.00021 | 0.00052 | 0.00120 | 0.00264 | 
 0.750 |  0.00000 | 0.00000 | 0.00000 | 0.00000 | 0.00001 | 0.00003 | 0.00008 | 0.00021 | 0.00052 | 0.00120 | 0.00264 | 
 0.800 |  0.00000 | 0.00000 | 0.00000 | 0.00000 | 0.00001 | 0.00003 | 0.00008 | 0.00021 | 0.00052 | 0.00120 | 0.00264 | 
-----------------------------------------------------------------------------------------------------------------------
 MAIN_WING  ( t/c: 0.110 )
  CL   |  M=0.450 | M=0.500 | M=0.550 | M=0.600 | M=0.650 | M=0.700 | M=0.750 | M=0.800 | M=0.850 | M=0.900 | M=0.950 | 
 0.300 |  0.00000 | 0.00000 | 0.00001 | 0.00003 | 0.00010 | 0.00031 | 0.00084 | 0.00217 | 0.00527 | 0.01216 | 0.02684 | 
 0.350 |  0.00000 | 0.00000 | 0.00001 | 0.00004 | 0.00013 | 0.00038 | 0.00105 | 0.00271 | 0.00659 | 0.01522 | 0.03359 | 
 0.400 |  0.00000 | 0.00000 | 0.00001 | 0.00005 | 0.00016 | 0.00048 | 0.00131 | 0.00336 | 0.00817 | 0.01886 | 0.04163 | 
 0.450 |  0.00000 | 0.00000 | 0.00002 | 0.00006 | 0.00020 | 0.00058 | 0.00160 | 0.00412 | 0.01002 | 0.02314 | 0.05106 | 
 0.500 |  0.00000 | 0.00001 | 0.00002 | 0.00007 | 0.00024 | 0.00071 | 0.00195 | 0.00500 | 0.01216 | 0.02807 | 0.06195 | 
 0.550 |  0.00000 | 0.00001 | 0.00002 | 0.00009 | 0.00029 | 0.00085 | 0.00233 | 0.00600 | 0.01458 | 0.03367 | 0.07431 | 
 0.600 |  0.00000 | 0.00001 | 0.00003 | 0.00011 | 0.00034 | 0.00101 | 0.00277 | 0.00712 | 0.01729 | 0.03991 | 0.08809 | 
 0.650 |  0.00000 | 0.00001 | 0.00003 | 0.00012 | 0.00040 | 0.00118 | 0.00324 | 0.00833 | 0.02024 | 0.04674 | 0.10314 | 
 0.700 |  0.00000 | 0.00001 | 0.00004 | 0.00014 | 0.00046 | 0.00136 | 0.00374 | 0.00963 | 0.02340 | 0.05403 | 0.11925 | 
 0.750 |  0.00000 | 0.00001 | 0.00005 | 0.00016 | 0.00053 | 0.00156 | 0.00427 | 0.01099 | 0.02670 | 0.06166 | 0.13607 | 
 0.800 |  0.00000 | 0.00001 | 0.00005 | 0.00018 | 0.00059 | 0.00175 | 0.00481 | 0.01238 | 0.03006 | 0.06942 | 0.15320 | 
-----------------------------------------------------------------------------------------------------------------------
 VERTICAL_STABILIZER  ( t/c: 0.120 )
  CL   |  M=0.450 | M=0.500 | M=0.550 | M=0.600 | M=0.650 | M=0.700 | M=0.750 | M=0.800 | M=0.850 | M=0.900 | M=0.950 | 
 0.300 |  0.00000 | 0.00000 | 0.00000 | 0.00000 | 0.00001 | 0.00002 | 0.00005 | 0.00012 | 0.00029 | 0.00066 | 0.00146 | 
 0.350 |  0.00000 | 0.00000 | 0.00000 | 0.00000 | 0.00001 | 0.00002 | 0.00005 | 0.00012 | 0.00029 | 0.00066 | 0.00146 | 
 0.400 |  0.00000 | 0.00000 | 0.00000 | 0.00000 | 0.00001 | 0.00002 | 0.00005 | 0.00012 | 0.00029 | 0.00066 | 0.00146 | 
 0.450 |  0.00000 | 0.00000 | 0.00000 | 0.00000 | 0.00001 | 0.00002 | 0.00005 | 0.00012 | 0.00029 | 0.00066 | 0.00146 | 
 0.500 |  0.00000 | 0.00000 | 0.00000 | 0.00000 | 0.00001 | 0.00002 | 0.00005 | 0.00012 | 0.00029 | 0.00066 | 0.00146 | 
 0.550 |  0.00000 | 0.00000 | 0.00000 | 0.00000 | 0.00001 | 0.00002 | 0.00005 | 0.00012 | 0.00029 | 0.00066 | 0.00146 | 
 0.600 |  0.00000 | 0.00000 | 0.00000 | 0.00000 | 0.00001 | 0.00002 | 0.00005 | 0.00012 | 0.00029 | 0.00066 | 0.00146 | 
 0.650 |  0.00000 | 0.00000 | 0.00000 | 0.00000 | 0.00001 | 0.00002 | 0.00005 | 0.00012 | 0.00029 | 0.00066 | 0.00146 | 
 0.700 |  0.00000 | 0.00000 | 0.00000 | 0.00000 | 0.00001 | 0.00002 | 0.00005 | 0.00012 | 0.00029 | 0.00066 | 0.00146 | 
 0.750 |  0.00000 | 0.00000 | 0.00000 | 0.00000 | 0.00001 | 0.00002 | 0.00005 | 0.00012 | 0.00029 | 0.00066 | 0.00146 | 
 0.800 |  0.00000 | 0.00000 | 0.00000 | 0.00000 | 0.00001 | 0.00002 | 0.00005 | 0.00012 | 0.00029 | 0.00066 | 0.00146 | 
-----------------------------------------------------------------------------------------------------------------------

 Thursday, 20. September 2018 04:03:57 PM