 DoE results 
DoE - parameter study. Run number: 0 
[7054.0368032] 
[1.84417387e+00 2.14764455e-02 9.99999994e-09 9.46430551e-01
 1.83821067e+00 2.00000000e-03 3.80873644e-12] 
[1.05, 1.0, 1.0, 1.0, 1.0, 1.0] 
[0.76356001 0.86       0.03275    0.11       0.23       0.10882149] 

 
DoE - parameter study. Run number: 1 
[6991.05325745] 
[1.97854291e+00 1.93302736e-02 9.99999994e-09 1.37662949e-01
 1.90959617e+00 2.00000000e-03 3.00065039e-12] 
[1.0, 1.05, 1.0, 1.0, 1.0, 1.0] 
[0.7271991  0.903      0.03275    0.11       0.23       0.10943277] 

 
DoE - parameter study. Run number: 2 
[7070.52870228] 
[2.03180118e+00 2.45233504e-02 9.99999994e-09 1.61251508e-01
 2.04232988e+00 1.60552737e-03 3.94472631e-04] 
[1.0, 1.0, 1.05, 1.0, 1.0, 1.0] 
[0.7272    0.86      0.0343875 0.11      0.23      0.1088   ] 

 
DoE - parameter study. Run number: 3 
[7134.17225665] 
[2.07491016e+00 2.52256609e-02 9.99999994e-09 4.90754943e-01
 2.14908242e+00 1.13131682e-09 1.99999887e-03] 
[1.0, 1.0, 1.0, 1.05, 1.0, 1.0] 
[0.72720239 0.86       0.03275    0.1155     0.23       0.10822788] 

 
DoE - parameter study. Run number: 4 
[7024.33883758] 
[2.05731375e+00 2.41840800e-02 9.99999994e-09 9.34218430e-02
 2.02165259e+00 1.99999988e-03 1.15986040e-10] 
[1.0, 1.0, 1.0, 1.0, 1.05, 1.0] 
[0.72719893 0.86       0.03275    0.11       0.2415     0.10925923] 

 
DoE - parameter study. Run number: 5 
