Output file with compressibility drag breakdown

  VEHICLE TAG : cruise

  REFERENCE AREA ................  68.6 m2 
  MAIN WING SWEEP ...............  29.8 deg
  MAIN WING THICKNESS RATIO .....  0.14    
 
 TOTAL COMPRESSIBILITY DRAG 
  CL   |  M=0.450 | M=0.500 | M=0.550 | M=0.600 | M=0.650 | M=0.700 | M=0.750 | M=0.800 | M=0.850 | M=0.900 | M=0.950 | 
 0.300 |  0.00000 | 0.00000 | 0.00001 | 0.00004 | 0.00012 | 0.00036 | 0.00099 | 0.00254 | 0.00616 | 0.01423 | 0.03140 | 
 0.350 |  0.00000 | 0.00000 | 0.00001 | 0.00005 | 0.00015 | 0.00044 | 0.00120 | 0.00309 | 0.00752 | 0.01736 | 0.03831 | 
 0.400 |  0.00000 | 0.00000 | 0.00002 | 0.00006 | 0.00018 | 0.00053 | 0.00146 | 0.00375 | 0.00910 | 0.02101 | 0.04637 | 
 0.450 |  0.00000 | 0.00000 | 0.00002 | 0.00007 | 0.00021 | 0.00064 | 0.00175 | 0.00449 | 0.01091 | 0.02518 | 0.05558 | 
 0.500 |  0.00000 | 0.00001 | 0.00002 | 0.00008 | 0.00025 | 0.00075 | 0.00207 | 0.00532 | 0.01292 | 0.02984 | 0.06585 | 
 0.550 |  0.00000 | 0.00001 | 0.00003 | 0.00009 | 0.00030 | 0.00088 | 0.00242 | 0.00622 | 0.01511 | 0.03489 | 0.07700 | 
 0.600 |  0.00000 | 0.00001 | 0.00003 | 0.00011 | 0.00034 | 0.00102 | 0.00279 | 0.00717 | 0.01742 | 0.04023 | 0.08878 | 
 0.650 |  0.00000 | 0.00001 | 0.00003 | 0.00012 | 0.00039 | 0.00115 | 0.00317 | 0.00814 | 0.01978 | 0.04568 | 0.10081 | 
 0.700 |  0.00000 | 0.00001 | 0.00004 | 0.00013 | 0.00044 | 0.00129 | 0.00354 | 0.00910 | 0.02211 | 0.05105 | 0.11265 | 
 0.750 |  0.00000 | 0.00001 | 0.00004 | 0.00015 | 0.00048 | 0.00142 | 0.00389 | 0.01000 | 0.02429 | 0.05609 | 0.12379 | 
 0.800 |  0.00000 | 0.00001 | 0.00004 | 0.00016 | 0.00052 | 0.00153 | 0.00420 | 0.01080 | 0.02624 | 0.06058 | 0.13371 | 
-----------------------------------------------------------------------------------------------------------------------
 HORIZONTAL_STABILIZER  ( t/c: 0.110 )
  CL   |  M=0.450 | M=0.500 | M=0.550 | M=0.600 | M=0.650 | M=0.700 | M=0.750 | M=0.800 | M=0.850 | M=0.900 | M=0.950 | 
 0.300 |  0.00000 | 0.00000 | 0.00000 | 0.00000 | 0.00001 | 0.00003 | 0.00008 | 0.00021 | 0.00052 | 0.00120 | 0.00264 | 
 0.350 |  0.00000 | 0.00000 | 0.00000 | 0.00000 | 0.00001 | 0.00003 | 0.00008 | 0.00021 | 0.00052 | 0.00120 | 0.00264 | 
 0.400 |  0.00000 | 0.00000 | 0.00000 | 0.00000 | 0.00001 | 0.00003 | 0.00008 | 0.00021 | 0.00052 | 0.00120 | 0.00264 | 
 0.450 |  0.00000 | 0.00000 | 0.00000 | 0.00000 | 0.00001 | 0.00003 | 0.00008 | 0.00021 | 0.00052 | 0.00120 | 0.00264 | 
 0.500 |  0.00000 | 0.00000 | 0.00000 | 0.00000 | 0.00001 | 0.00003 | 0.00008 | 0.00021 | 0.00052 | 0.00120 | 0.00264 | 
 0.550 |  0.00000 | 0.00000 | 0.00000 | 0.00000 | 0.00001 | 0.00003 | 0.00008 | 0.00021 | 0.00052 | 0.00120 | 0.00264 | 
 0.600 |  0.00000 | 0.00000 | 0.00000 | 0.00000 | 0.00001 | 0.00003 | 0.00008 | 0.00021 | 0.00052 | 0.00120 | 0.00264 | 
 0.650 |  0.00000 | 0.00000 | 0.00000 | 0.00000 | 0.00001 | 0.00003 | 0.00008 | 0.00021 | 0.00052 | 0.00120 | 0.00264 | 
 0.700 |  0.00000 | 0.00000 | 0.00000 | 0.00000 | 0.00001 | 0.00003 | 0.00008 | 0.00021 | 0.00052 | 0.00120 | 0.00264 | 
 0.750 |  0.00000 | 0.00000 | 0.00000 | 0.00000 | 0.00001 | 0.00003 | 0.00008 | 0.00021 | 0.00052 | 0.00120 | 0.00264 | 
 0.800 |  0.00000 | 0.00000 | 0.00000 | 0.00000 | 0.00001 | 0.00003 | 0.00008 | 0.00021 | 0.00052 | 0.00120 | 0.00264 | 
-----------------------------------------------------------------------------------------------------------------------
 MAIN_WING  ( t/c: 0.140 )
  CL   |  M=0.450 | M=0.500 | M=0.550 | M=0.600 | M=0.650 | M=0.700 | M=0.750 | M=0.800 | M=0.850 | M=0.900 | M=0.950 | 
 0.300 |  0.00000 | 0.00000 | 0.00001 | 0.00003 | 0.00011 | 0.00031 | 0.00086 | 0.00220 | 0.00536 | 0.01237 | 0.02730 | 
 0.350 |  0.00000 | 0.00000 | 0.00001 | 0.00004 | 0.00013 | 0.00039 | 0.00107 | 0.00276 | 0.00671 | 0.01550 | 0.03420 | 
 0.400 |  0.00000 | 0.00000 | 0.00001 | 0.00005 | 0.00016 | 0.00048 | 0.00133 | 0.00341 | 0.00829 | 0.01915 | 0.04227 | 
 0.450 |  0.00000 | 0.00000 | 0.00002 | 0.00006 | 0.00020 | 0.00059 | 0.00162 | 0.00416 | 0.01010 | 0.02332 | 0.05147 | 
 0.500 |  0.00000 | 0.00001 | 0.00002 | 0.00007 | 0.00024 | 0.00071 | 0.00194 | 0.00499 | 0.01212 | 0.02798 | 0.06174 | 
 0.550 |  0.00000 | 0.00001 | 0.00002 | 0.00009 | 0.00028 | 0.00083 | 0.00229 | 0.00589 | 0.01431 | 0.03303 | 0.07290 | 
 0.600 |  0.00000 | 0.00001 | 0.00003 | 0.00010 | 0.00033 | 0.00097 | 0.00266 | 0.00684 | 0.01662 | 0.03837 | 0.08468 | 
 0.650 |  0.00000 | 0.00001 | 0.00003 | 0.00012 | 0.00037 | 0.00111 | 0.00304 | 0.00781 | 0.01898 | 0.04382 | 0.09671 | 
 0.700 |  0.00000 | 0.00001 | 0.00004 | 0.00013 | 0.00042 | 0.00124 | 0.00341 | 0.00877 | 0.02130 | 0.04919 | 0.10855 | 
 0.750 |  0.00000 | 0.00001 | 0.00004 | 0.00014 | 0.00046 | 0.00137 | 0.00376 | 0.00967 | 0.02349 | 0.05423 | 0.11969 | 
 0.800 |  0.00000 | 0.00001 | 0.00004 | 0.00016 | 0.00050 | 0.00148 | 0.00407 | 0.01047 | 0.02543 | 0.05873 | 0.12960 | 
-----------------------------------------------------------------------------------------------------------------------
 VERTICAL_STABILIZER  ( t/c: 0.120 )
  CL   |  M=0.450 | M=0.500 | M=0.550 | M=0.600 | M=0.650 | M=0.700 | M=0.750 | M=0.800 | M=0.850 | M=0.900 | M=0.950 | 
 0.300 |  0.00000 | 0.00000 | 0.00000 | 0.00000 | 0.00001 | 0.00002 | 0.00005 | 0.00012 | 0.00029 | 0.00066 | 0.00146 | 
 0.350 |  0.00000 | 0.00000 | 0.00000 | 0.00000 | 0.00001 | 0.00002 | 0.00005 | 0.00012 | 0.00029 | 0.00066 | 0.00146 | 
 0.400 |  0.00000 | 0.00000 | 0.00000 | 0.00000 | 0.00001 | 0.00002 | 0.00005 | 0.00012 | 0.00029 | 0.00066 | 0.00146 | 
 0.450 |  0.00000 | 0.00000 | 0.00000 | 0.00000 | 0.00001 | 0.00002 | 0.00005 | 0.00012 | 0.00029 | 0.00066 | 0.00146 | 
 0.500 |  0.00000 | 0.00000 | 0.00000 | 0.00000 | 0.00001 | 0.00002 | 0.00005 | 0.00012 | 0.00029 | 0.00066 | 0.00146 | 
 0.550 |  0.00000 | 0.00000 | 0.00000 | 0.00000 | 0.00001 | 0.00002 | 0.00005 | 0.00012 | 0.00029 | 0.00066 | 0.00146 | 
 0.600 |  0.00000 | 0.00000 | 0.00000 | 0.00000 | 0.00001 | 0.00002 | 0.00005 | 0.00012 | 0.00029 | 0.00066 | 0.00146 | 
 0.650 |  0.00000 | 0.00000 | 0.00000 | 0.00000 | 0.00001 | 0.00002 | 0.00005 | 0.00012 | 0.00029 | 0.00066 | 0.00146 | 
 0.700 |  0.00000 | 0.00000 | 0.00000 | 0.00000 | 0.00001 | 0.00002 | 0.00005 | 0.00012 | 0.00029 | 0.00066 | 0.00146 | 
 0.750 |  0.00000 | 0.00000 | 0.00000 | 0.00000 | 0.00001 | 0.00002 | 0.00005 | 0.00012 | 0.00029 | 0.00066 | 0.00146 | 
 0.800 |  0.00000 | 0.00000 | 0.00000 | 0.00000 | 0.00001 | 0.00002 | 0.00005 | 0.00012 | 0.00029 | 0.00066 | 0.00146 | 
-----------------------------------------------------------------------------------------------------------------------

 Tuesday, 25. September 2018 08:21:01 PM