 Pareto results 
Pareto Frontier. Run number: 0 
[6943.03799177] 
[[0.03550464]] 
[[1518.31463389]] 
36954.18506785805 
[1.16962008e-01 3.04667274e-02 1.00000000e-05 1.68536611e-02
 2.44981493e+00 1.35985401e-01 2.64014599e-01 1.41464735e-01
 5.50463805e-03 8.62031816e-03 1.05970316e+00 5.47000000e-01] 
[0.68612298 0.09440064 0.13977849 0.29775094 0.11119405 1.        ] 

 
Pareto Frontier. Run number: 1 
[6898.23601595] 
[[0.03731704]] 
[[1519.83234578]] 
37093.53726770799 
[1.61763984e-01 2.76488647e-02 1.00000000e-05 1.67654215e-03
 2.31046273e+00 4.22259716e-01 2.22597161e-02 1.69016065e-01
 7.31704445e-03 3.40018371e-02 1.01565184e+00 5.47000000e-01] 
[0.69318758 0.09596396 0.13819882 0.3017521  0.11136945 0.75      ] 

 
Pareto Frontier. Run number: 2 
[6918.46657149] 
[[0.03261742]] 
[[1519.99655516]] 
36968.815830759704 
[1.41533429e-01 3.27134267e-02 1.00000000e-05 3.44483895e-05
 2.43518417e+00 4.00494392e-01 4.94391842e-04 1.57715536e-01
 2.61741568e-03 4.74599318e-04 1.16678056e+00 7.79273900e-02] 
[0.69084419 0.09129593 0.13744416 0.30989354 0.11129117 0.5       ] 

 
Pareto Frontier. Run number: 3 
[6925.33807619] 
[[0.03639297]] 
[[1519.89562796]] 
36969.389847056926 
[1.34661924e-01 2.96822166e-02 1.00000000e-05 1.04372041e-03
 2.43461015e+00 1.63940857e-01 2.36059143e-01 1.55121179e-01
 6.39296719e-03 3.94573682e-05 1.22600900e+00 5.47000000e-01] 
[0.68618777 0.09518357 0.14256411 0.30486588 0.11129046 0.25      ] 

 
Pareto Frontier. Run number: 4 
[6925.31612257] 
[[0.03639283]] 
[[1519.89547896]] 
36969.385587901605 
[1.34683877e-01 2.96823420e-02 1.00000000e-05 1.04521044e-03
 2.43461441e+00 1.70962936e-01 2.29037064e-01 1.55119141e-01
 6.39283297e-03 3.95972391e-05 1.22598285e+00 5.47000000e-01] 
[0.68618758 0.09518346 0.14256373 0.30486482 0.11128975 0.        ] 

 
Total run time: 5447.32500005