 Pareto results 
Pareto Frontier. Run number: 0 
[6987.96802104] 
[[0.03836813]] 
[[1520.0000013]] 
37864.0044012 
[-2.28682075e-07 -2.84923153e-07  2.23339799e-02  1.00000000e-05
 -1.29936484e-08  1.99999873e-02  1.27115300e-08  4.73443162e-02
  8.36813091e-03  2.68565831e-01  3.67126827e-01  4.74967993e+00] 
[1.03999818 0.9294095  0.78628412 0.77420067 0.97829264 1.01784958
 0.90605068] 

 
Pareto Frontier. Run number: 1 
[6987.96899184] 
[[0.03836808]] 
[[1519.99974947]] 
37863.9951564 
[-2.28179269e-07 -2.85340902e-07  2.23340807e-02  1.00000000e-05
  2.50532013e-06  1.99999865e-02  1.35428536e-08  4.73440370e-02
  8.36808158e-03  2.68565043e-01  3.67124663e-01  4.74968963e+00] 
[1.03999716 0.92940942 0.78628522 0.77420013 0.97829261 1.01784933
 0.90605061] 

 
Pareto Frontier. Run number: 2 
[6987.9699701] 
[[0.03836803]] 
[[1519.99949571]] 
37863.9858406 
[-2.27673409e-07 -2.85821916e-07  2.23341824e-02  1.00000000e-05
  5.04289727e-06  1.99999855e-02  1.45238573e-08  4.73437556e-02
  8.36803186e-03  2.68564249e-01  3.67122482e-01  4.74969942e+00] 
[1.03999613 0.92940933 0.78628634 0.77419958 0.97829259 1.01784908
 0.90605053] 

 
Pareto Frontier. Run number: 3 
[6987.97095589] 
[[0.03836798]] 
[[1519.99924]] 
37863.9764528 
[-2.27164419e-07 -2.86240574e-07  2.23342848e-02  1.00000000e-05
  7.60000626e-06  1.99999849e-02  1.50718506e-08  4.73434721e-02
  8.36798177e-03  2.68563448e-01  3.67120285e-01  4.74970927e+00] 
[1.03999509 0.92940924 0.78628746 0.77419903 0.97829257 1.01784883
 0.90605045] 

 
Pareto Frontier. Run number: 4 
[6987.97194934] 
[[0.03836793]] 
[[1519.99898229]] 
37863.9669917 
[-2.26700467e-07 -2.86169852e-07  2.23343881e-02  1.00000000e-05
  1.01770514e-05  1.99999844e-02  1.56444230e-08  4.73431863e-02
  8.36793128e-03  2.68562641e-01  3.67118070e-01  4.74971921e+00] 
[1.03999405 0.92940915 0.78628859 0.77419848 0.97829255 1.01784858
 0.90605037] 

 
Total run time: 4934.37899995