Output file with compressibility drag breakdown

  VEHICLE TAG : cruise

  REFERENCE AREA ................  74.5 m2 
  MAIN WING SWEEP ...............  22.8 deg
  MAIN WING THICKNESS RATIO .....  0.11    
 
 TOTAL COMPRESSIBILITY DRAG 
  CL   |  M=0.450 | M=0.500 | M=0.550 | M=0.600 | M=0.650 | M=0.700 | M=0.750 | M=0.800 | M=0.850 | M=0.900 | M=0.950 | 
 0.300 |  0.00000 | 0.00000 | 0.00001 | 0.00004 | 0.00013 | 0.00040 | 0.00109 | 0.00281 | 0.00682 | 0.01574 | 0.03474 | 
 0.350 |  0.00000 | 0.00000 | 0.00001 | 0.00005 | 0.00016 | 0.00048 | 0.00133 | 0.00342 | 0.00831 | 0.01918 | 0.04234 | 
 0.400 |  0.00000 | 0.00000 | 0.00002 | 0.00006 | 0.00020 | 0.00059 | 0.00161 | 0.00415 | 0.01008 | 0.02328 | 0.05137 | 
 0.450 |  0.00000 | 0.00001 | 0.00002 | 0.00007 | 0.00024 | 0.00071 | 0.00195 | 0.00501 | 0.01216 | 0.02808 | 0.06196 | 
 0.500 |  0.00000 | 0.00001 | 0.00002 | 0.00009 | 0.00029 | 0.00085 | 0.00233 | 0.00599 | 0.01456 | 0.03362 | 0.07420 | 
 0.550 |  0.00000 | 0.00001 | 0.00003 | 0.00011 | 0.00034 | 0.00101 | 0.00277 | 0.00712 | 0.01729 | 0.03993 | 0.08811 | 
 0.600 |  0.00000 | 0.00001 | 0.00003 | 0.00012 | 0.00040 | 0.00119 | 0.00326 | 0.00837 | 0.02034 | 0.04697 | 0.10367 | 
 0.650 |  0.00000 | 0.00001 | 0.00004 | 0.00014 | 0.00047 | 0.00138 | 0.00379 | 0.00975 | 0.02369 | 0.05471 | 0.12074 | 
 0.700 |  0.00000 | 0.00001 | 0.00005 | 0.00017 | 0.00054 | 0.00159 | 0.00437 | 0.01124 | 0.02730 | 0.06303 | 0.13910 | 
 0.750 |  0.00000 | 0.00001 | 0.00005 | 0.00019 | 0.00061 | 0.00181 | 0.00497 | 0.01280 | 0.03109 | 0.07178 | 0.15842 | 
 0.800 |  0.00000 | 0.00001 | 0.00006 | 0.00021 | 0.00069 | 0.00204 | 0.00560 | 0.01440 | 0.03498 | 0.08078 | 0.17827 | 
-----------------------------------------------------------------------------------------------------------------------
 HORIZONTAL_STABILIZER  ( t/c: 0.110 )
  CL   |  M=0.450 | M=0.500 | M=0.550 | M=0.600 | M=0.650 | M=0.700 | M=0.750 | M=0.800 | M=0.850 | M=0.900 | M=0.950 | 
 0.300 |  0.00000 | 0.00000 | 0.00000 | 0.00000 | 0.00001 | 0.00003 | 0.00008 | 0.00021 | 0.00052 | 0.00120 | 0.00264 | 
 0.350 |  0.00000 | 0.00000 | 0.00000 | 0.00000 | 0.00001 | 0.00003 | 0.00008 | 0.00021 | 0.00052 | 0.00120 | 0.00264 | 
 0.400 |  0.00000 | 0.00000 | 0.00000 | 0.00000 | 0.00001 | 0.00003 | 0.00008 | 0.00021 | 0.00052 | 0.00120 | 0.00264 | 
 0.450 |  0.00000 | 0.00000 | 0.00000 | 0.00000 | 0.00001 | 0.00003 | 0.00008 | 0.00021 | 0.00052 | 0.00120 | 0.00264 | 
 0.500 |  0.00000 | 0.00000 | 0.00000 | 0.00000 | 0.00001 | 0.00003 | 0.00008 | 0.00021 | 0.00052 | 0.00120 | 0.00264 | 
 0.550 |  0.00000 | 0.00000 | 0.00000 | 0.00000 | 0.00001 | 0.00003 | 0.00008 | 0.00021 | 0.00052 | 0.00120 | 0.00264 | 
 0.600 |  0.00000 | 0.00000 | 0.00000 | 0.00000 | 0.00001 | 0.00003 | 0.00008 | 0.00021 | 0.00052 | 0.00120 | 0.00264 | 
 0.650 |  0.00000 | 0.00000 | 0.00000 | 0.00000 | 0.00001 | 0.00003 | 0.00008 | 0.00021 | 0.00052 | 0.00120 | 0.00264 | 
 0.700 |  0.00000 | 0.00000 | 0.00000 | 0.00000 | 0.00001 | 0.00003 | 0.00008 | 0.00021 | 0.00052 | 0.00120 | 0.00264 | 
 0.750 |  0.00000 | 0.00000 | 0.00000 | 0.00000 | 0.00001 | 0.00003 | 0.00008 | 0.00021 | 0.00052 | 0.00120 | 0.00264 | 
 0.800 |  0.00000 | 0.00000 | 0.00000 | 0.00000 | 0.00001 | 0.00003 | 0.00008 | 0.00021 | 0.00052 | 0.00120 | 0.00264 | 
-----------------------------------------------------------------------------------------------------------------------
 MAIN_WING  ( t/c: 0.110 )
  CL   |  M=0.450 | M=0.500 | M=0.550 | M=0.600 | M=0.650 | M=0.700 | M=0.750 | M=0.800 | M=0.850 | M=0.900 | M=0.950 | 
 0.300 |  0.00000 | 0.00000 | 0.00001 | 0.00004 | 0.00012 | 0.00035 | 0.00096 | 0.00247 | 0.00601 | 0.01388 | 0.03064 | 
 0.350 |  0.00000 | 0.00000 | 0.00001 | 0.00005 | 0.00015 | 0.00044 | 0.00120 | 0.00309 | 0.00750 | 0.01732 | 0.03823 | 
 0.400 |  0.00000 | 0.00000 | 0.00002 | 0.00006 | 0.00018 | 0.00054 | 0.00148 | 0.00382 | 0.00928 | 0.02142 | 0.04727 | 
 0.450 |  0.00000 | 0.00000 | 0.00002 | 0.00007 | 0.00022 | 0.00066 | 0.00182 | 0.00467 | 0.01135 | 0.02622 | 0.05786 | 
 0.500 |  0.00000 | 0.00001 | 0.00002 | 0.00008 | 0.00027 | 0.00080 | 0.00220 | 0.00566 | 0.01376 | 0.03176 | 0.07010 | 
 0.550 |  0.00000 | 0.00001 | 0.00003 | 0.00010 | 0.00032 | 0.00096 | 0.00264 | 0.00679 | 0.01649 | 0.03807 | 0.08401 | 
 0.600 |  0.00000 | 0.00001 | 0.00003 | 0.00012 | 0.00038 | 0.00114 | 0.00313 | 0.00804 | 0.01954 | 0.04512 | 0.09957 | 
 0.650 |  0.00000 | 0.00001 | 0.00004 | 0.00014 | 0.00045 | 0.00133 | 0.00366 | 0.00942 | 0.02289 | 0.05285 | 0.11664 | 
 0.700 |  0.00000 | 0.00001 | 0.00005 | 0.00016 | 0.00052 | 0.00154 | 0.00424 | 0.01090 | 0.02649 | 0.06117 | 0.13500 | 
 0.750 |  0.00000 | 0.00001 | 0.00005 | 0.00018 | 0.00060 | 0.00176 | 0.00485 | 0.01247 | 0.03028 | 0.06992 | 0.15432 | 
 0.800 |  0.00000 | 0.00001 | 0.00006 | 0.00021 | 0.00067 | 0.00199 | 0.00547 | 0.01407 | 0.03418 | 0.07892 | 0.17417 | 
-----------------------------------------------------------------------------------------------------------------------
 VERTICAL_STABILIZER  ( t/c: 0.120 )
  CL   |  M=0.450 | M=0.500 | M=0.550 | M=0.600 | M=0.650 | M=0.700 | M=0.750 | M=0.800 | M=0.850 | M=0.900 | M=0.950 | 
 0.300 |  0.00000 | 0.00000 | 0.00000 | 0.00000 | 0.00001 | 0.00002 | 0.00005 | 0.00012 | 0.00029 | 0.00066 | 0.00146 | 
 0.350 |  0.00000 | 0.00000 | 0.00000 | 0.00000 | 0.00001 | 0.00002 | 0.00005 | 0.00012 | 0.00029 | 0.00066 | 0.00146 | 
 0.400 |  0.00000 | 0.00000 | 0.00000 | 0.00000 | 0.00001 | 0.00002 | 0.00005 | 0.00012 | 0.00029 | 0.00066 | 0.00146 | 
 0.450 |  0.00000 | 0.00000 | 0.00000 | 0.00000 | 0.00001 | 0.00002 | 0.00005 | 0.00012 | 0.00029 | 0.00066 | 0.00146 | 
 0.500 |  0.00000 | 0.00000 | 0.00000 | 0.00000 | 0.00001 | 0.00002 | 0.00005 | 0.00012 | 0.00029 | 0.00066 | 0.00146 | 
 0.550 |  0.00000 | 0.00000 | 0.00000 | 0.00000 | 0.00001 | 0.00002 | 0.00005 | 0.00012 | 0.00029 | 0.00066 | 0.00146 | 
 0.600 |  0.00000 | 0.00000 | 0.00000 | 0.00000 | 0.00001 | 0.00002 | 0.00005 | 0.00012 | 0.00029 | 0.00066 | 0.00146 | 
 0.650 |  0.00000 | 0.00000 | 0.00000 | 0.00000 | 0.00001 | 0.00002 | 0.00005 | 0.00012 | 0.00029 | 0.00066 | 0.00146 | 
 0.700 |  0.00000 | 0.00000 | 0.00000 | 0.00000 | 0.00001 | 0.00002 | 0.00005 | 0.00012 | 0.00029 | 0.00066 | 0.00146 | 
 0.750 |  0.00000 | 0.00000 | 0.00000 | 0.00000 | 0.00001 | 0.00002 | 0.00005 | 0.00012 | 0.00029 | 0.00066 | 0.00146 | 
 0.800 |  0.00000 | 0.00000 | 0.00000 | 0.00000 | 0.00001 | 0.00002 | 0.00005 | 0.00012 | 0.00029 | 0.00066 | 0.00146 | 
-----------------------------------------------------------------------------------------------------------------------

 Saturday, 22. September 2018 10:49:49 AM