 Pareto results 
Pareto Frontier. Run number: 0 
[1995.15552717] 
[[0.04464054]] 
[[1391.00243303]] 
23475.1649627 
[-2.71853449e-05 -3.27465481e-05  3.93038808e-02  1.98019549e-02
 -2.43302508e-05  2.00000000e-02  5.68434189e-15  1.21475856e-02
  5.24054031e-03  1.45294157e-01  2.55212473e-05  9.35456233e+00] 
[1.04135474 1.13666466 1.00326979 1.00060894 1.02065935 0.99457629] 

 
Pareto Frontier. Run number: 1 
[1997.57039844] 
[[0.04370998]] 
[[1391.01829413]] 
23302.29986 
[-4.69774326e-07 -1.55791689e-06  4.51867264e-02  1.63904487e-02
 -1.82941327e-04  2.00000000e-02 -1.13686838e-14  1.21475856e-02
  4.30997903e-03  9.44411475e-02  1.46513398e+00  7.49905681e+00] 
[1.0279972  1.10265857 1.02547084 1.00060894 1.01314347 0.99377812] 

 
Pareto Frontier. Run number: 2 
[2002.11341344] 
[[0.04320714]] 
[[1391.02380431]] 
23197.4034731 
[ 9.54523859e-07 -6.75359613e-06  4.87594546e-02  1.32205360e-02
 -2.38043112e-04  2.00000000e-02  5.68434189e-15  1.21475856e-02
  3.80713882e-03  6.74485189e-02  3.93210578e+00  6.55344066e+00] 
[1.02351033 1.0811934  1.05233578 1.00060894 1.00858276 0.99314422] 

 
Pareto Frontier. Run number: 3 
[2004.46661155] 
[[0.04270883]] 
[[1390.99936442]] 
23144.9834448 
[-6.84291320e-05 -9.48006895e-05  5.11996057e-02  1.09282799e-02
  6.35582662e-06  2.00000000e-02  5.68434189e-15  1.21475856e-02
  3.30882779e-03  5.26708912e-02  4.54790282e+00  5.64412230e+00] 
[1.02013236 1.06610152 1.05768555 1.00060894 1.00630363 0.99282211] 

 
Pareto Frontier. Run number: 4 
[2007.37390516] 
[[0.04216067]] 
[[1391.00217212]] 
23092.4249628 
[-2.46014583e-04  8.39763612e-05  5.38087842e-02  8.26279531e-03
 -2.17211527e-05  2.00000000e-02  5.68434189e-15  1.21475856e-02
  2.76067268e-03  3.79699899e-02  5.30564318e+00  4.67003056e+00] 
[1.01701396 1.05008201 1.06377326 1.00060894 1.00401848 0.99245424] 

 
Total run time: 24015.405