Output file with compressibility drag breakdown

  VEHICLE TAG : cruise

  REFERENCE AREA ................  62.5 m2 
  MAIN WING SWEEP ...............   3.0 deg
  MAIN WING THICKNESS RATIO .....  0.15    
 
 TOTAL COMPRESSIBILITY DRAG 
  CL   |  M=0.450 | M=0.500 | M=0.550 | M=0.600 | M=0.650 | M=0.700 | M=0.750 | M=0.800 | M=0.850 | M=0.900 | M=0.950 | 
 0.300 |  0.00000 | 0.00002 | 0.00007 | 0.00024 | 0.00077 | 0.00227 | 0.00623 | 0.01602 | 0.03891 | 0.08986 | 0.19831 | 
 0.350 |  0.00000 | 0.00002 | 0.00008 | 0.00028 | 0.00090 | 0.00267 | 0.00733 | 0.01885 | 0.04579 | 0.10574 | 0.23335 | 
 0.400 |  0.00000 | 0.00002 | 0.00009 | 0.00033 | 0.00106 | 0.00313 | 0.00860 | 0.02214 | 0.05377 | 0.12417 | 0.27404 | 
 0.450 |  0.00001 | 0.00003 | 0.00011 | 0.00038 | 0.00124 | 0.00367 | 0.01007 | 0.02591 | 0.06295 | 0.14535 | 0.32078 | 
 0.500 |  0.00001 | 0.00003 | 0.00013 | 0.00045 | 0.00144 | 0.00428 | 0.01174 | 0.03020 | 0.07337 | 0.16942 | 0.37391 | 
 0.550 |  0.00001 | 0.00004 | 0.00015 | 0.00052 | 0.00168 | 0.00496 | 0.01361 | 0.03502 | 0.08509 | 0.19647 | 0.43360 | 
 0.600 |  0.00001 | 0.00004 | 0.00017 | 0.00060 | 0.00193 | 0.00572 | 0.01570 | 0.04038 | 0.09809 | 0.22649 | 0.49985 | 
 0.650 |  0.00001 | 0.00005 | 0.00019 | 0.00069 | 0.00221 | 0.00655 | 0.01797 | 0.04624 | 0.11233 | 0.25939 | 0.57244 | 
 0.700 |  0.00001 | 0.00005 | 0.00022 | 0.00078 | 0.00251 | 0.00744 | 0.02044 | 0.05258 | 0.12772 | 0.29493 | 0.65088 | 
 0.750 |  0.00001 | 0.00006 | 0.00025 | 0.00088 | 0.00284 | 0.00840 | 0.02306 | 0.05932 | 0.14411 | 0.33276 | 0.73438 | 
 0.800 |  0.00001 | 0.00007 | 0.00028 | 0.00098 | 0.00318 | 0.00940 | 0.02581 | 0.06639 | 0.16127 | 0.37239 | 0.82184 | 
-----------------------------------------------------------------------------------------------------------------------
 HORIZONTAL_STABILIZER  ( t/c: 0.120 )
  CL   |  M=0.450 | M=0.500 | M=0.550 | M=0.600 | M=0.650 | M=0.700 | M=0.750 | M=0.800 | M=0.850 | M=0.900 | M=0.950 | 
 0.300 |  0.00000 | 0.00000 | 0.00001 | 0.00003 | 0.00011 | 0.00031 | 0.00086 | 0.00222 | 0.00540 | 0.01247 | 0.02751 | 
 0.350 |  0.00000 | 0.00000 | 0.00001 | 0.00003 | 0.00011 | 0.00031 | 0.00086 | 0.00222 | 0.00540 | 0.01247 | 0.02751 | 
 0.400 |  0.00000 | 0.00000 | 0.00001 | 0.00003 | 0.00011 | 0.00031 | 0.00086 | 0.00222 | 0.00540 | 0.01247 | 0.02751 | 
 0.450 |  0.00000 | 0.00000 | 0.00001 | 0.00003 | 0.00011 | 0.00031 | 0.00086 | 0.00222 | 0.00540 | 0.01247 | 0.02751 | 
 0.500 |  0.00000 | 0.00000 | 0.00001 | 0.00003 | 0.00011 | 0.00031 | 0.00086 | 0.00222 | 0.00540 | 0.01247 | 0.02751 | 
 0.550 |  0.00000 | 0.00000 | 0.00001 | 0.00003 | 0.00011 | 0.00031 | 0.00086 | 0.00222 | 0.00540 | 0.01247 | 0.02751 | 
 0.600 |  0.00000 | 0.00000 | 0.00001 | 0.00003 | 0.00011 | 0.00031 | 0.00086 | 0.00222 | 0.00540 | 0.01247 | 0.02751 | 
 0.650 |  0.00000 | 0.00000 | 0.00001 | 0.00003 | 0.00011 | 0.00031 | 0.00086 | 0.00222 | 0.00540 | 0.01247 | 0.02751 | 
 0.700 |  0.00000 | 0.00000 | 0.00001 | 0.00003 | 0.00011 | 0.00031 | 0.00086 | 0.00222 | 0.00540 | 0.01247 | 0.02751 | 
 0.750 |  0.00000 | 0.00000 | 0.00001 | 0.00003 | 0.00011 | 0.00031 | 0.00086 | 0.00222 | 0.00540 | 0.01247 | 0.02751 | 
 0.800 |  0.00000 | 0.00000 | 0.00001 | 0.00003 | 0.00011 | 0.00031 | 0.00086 | 0.00222 | 0.00540 | 0.01247 | 0.02751 | 
-----------------------------------------------------------------------------------------------------------------------
 MAIN_WING  ( t/c: 0.145 )
  CL   |  M=0.450 | M=0.500 | M=0.550 | M=0.600 | M=0.650 | M=0.700 | M=0.750 | M=0.800 | M=0.850 | M=0.900 | M=0.950 | 
 0.300 |  0.00000 | 0.00001 | 0.00006 | 0.00020 | 0.00065 | 0.00191 | 0.00526 | 0.01353 | 0.03286 | 0.07588 | 0.16747 | 
 0.350 |  0.00000 | 0.00002 | 0.00007 | 0.00024 | 0.00078 | 0.00232 | 0.00636 | 0.01636 | 0.03974 | 0.09176 | 0.20251 | 
 0.400 |  0.00000 | 0.00002 | 0.00008 | 0.00029 | 0.00094 | 0.00278 | 0.00764 | 0.01964 | 0.04772 | 0.11020 | 0.24319 | 
 0.450 |  0.00001 | 0.00002 | 0.00010 | 0.00035 | 0.00112 | 0.00332 | 0.00910 | 0.02342 | 0.05690 | 0.13138 | 0.28994 | 
 0.500 |  0.00001 | 0.00003 | 0.00011 | 0.00041 | 0.00133 | 0.00392 | 0.01077 | 0.02771 | 0.06732 | 0.15545 | 0.34306 | 
 0.550 |  0.00001 | 0.00003 | 0.00013 | 0.00048 | 0.00156 | 0.00461 | 0.01265 | 0.03253 | 0.07903 | 0.18250 | 0.40276 | 
 0.600 |  0.00001 | 0.00004 | 0.00016 | 0.00056 | 0.00181 | 0.00536 | 0.01473 | 0.03789 | 0.09204 | 0.21252 | 0.46901 | 
 0.650 |  0.00001 | 0.00004 | 0.00018 | 0.00065 | 0.00209 | 0.00619 | 0.01701 | 0.04375 | 0.10628 | 0.24541 | 0.54160 | 
 0.700 |  0.00001 | 0.00005 | 0.00021 | 0.00074 | 0.00240 | 0.00709 | 0.01947 | 0.05008 | 0.12167 | 0.28095 | 0.62004 | 
 0.750 |  0.00001 | 0.00006 | 0.00024 | 0.00084 | 0.00272 | 0.00804 | 0.02209 | 0.05683 | 0.13806 | 0.31879 | 0.70353 | 
 0.800 |  0.00001 | 0.00007 | 0.00026 | 0.00095 | 0.00306 | 0.00904 | 0.02484 | 0.06389 | 0.15522 | 0.35842 | 0.79100 | 
-----------------------------------------------------------------------------------------------------------------------
 VERTICAL_STABILIZER  ( t/c: 0.120 )
  CL   |  M=0.450 | M=0.500 | M=0.550 | M=0.600 | M=0.650 | M=0.700 | M=0.750 | M=0.800 | M=0.850 | M=0.900 | M=0.950 | 
 0.300 |  0.00000 | 0.00000 | 0.00000 | 0.00000 | 0.00001 | 0.00004 | 0.00010 | 0.00027 | 0.00065 | 0.00151 | 0.00333 | 
 0.350 |  0.00000 | 0.00000 | 0.00000 | 0.00000 | 0.00001 | 0.00004 | 0.00010 | 0.00027 | 0.00065 | 0.00151 | 0.00333 | 
 0.400 |  0.00000 | 0.00000 | 0.00000 | 0.00000 | 0.00001 | 0.00004 | 0.00010 | 0.00027 | 0.00065 | 0.00151 | 0.00333 | 
 0.450 |  0.00000 | 0.00000 | 0.00000 | 0.00000 | 0.00001 | 0.00004 | 0.00010 | 0.00027 | 0.00065 | 0.00151 | 0.00333 | 
 0.500 |  0.00000 | 0.00000 | 0.00000 | 0.00000 | 0.00001 | 0.00004 | 0.00010 | 0.00027 | 0.00065 | 0.00151 | 0.00333 | 
 0.550 |  0.00000 | 0.00000 | 0.00000 | 0.00000 | 0.00001 | 0.00004 | 0.00010 | 0.00027 | 0.00065 | 0.00151 | 0.00333 | 
 0.600 |  0.00000 | 0.00000 | 0.00000 | 0.00000 | 0.00001 | 0.00004 | 0.00010 | 0.00027 | 0.00065 | 0.00151 | 0.00333 | 
 0.650 |  0.00000 | 0.00000 | 0.00000 | 0.00000 | 0.00001 | 0.00004 | 0.00010 | 0.00027 | 0.00065 | 0.00151 | 0.00333 | 
 0.700 |  0.00000 | 0.00000 | 0.00000 | 0.00000 | 0.00001 | 0.00004 | 0.00010 | 0.00027 | 0.00065 | 0.00151 | 0.00333 | 
 0.750 |  0.00000 | 0.00000 | 0.00000 | 0.00000 | 0.00001 | 0.00004 | 0.00010 | 0.00027 | 0.00065 | 0.00151 | 0.00333 | 
 0.800 |  0.00000 | 0.00000 | 0.00000 | 0.00000 | 0.00001 | 0.00004 | 0.00010 | 0.00027 | 0.00065 | 0.00151 | 0.00333 | 
-----------------------------------------------------------------------------------------------------------------------

 Thursday, 27. September 2018 11:30:05 AM