Output file with compressibility drag breakdown

  VEHICLE TAG : cruise

  REFERENCE AREA ................  61.2 m2 
  MAIN WING SWEEP ...............   3.0 deg
  MAIN WING THICKNESS RATIO .....  0.16    
 
 TOTAL COMPRESSIBILITY DRAG 
  CL   |  M=0.450 | M=0.500 | M=0.550 | M=0.600 | M=0.650 | M=0.700 | M=0.750 | M=0.800 | M=0.850 | M=0.900 | M=0.950 | 
 0.300 |  0.00000 | 0.00002 | 0.00008 | 0.00030 | 0.00096 | 0.00285 | 0.00784 | 0.02016 | 0.04898 | 0.11311 | 0.24962 | 
 0.350 |  0.00001 | 0.00002 | 0.00010 | 0.00035 | 0.00114 | 0.00337 | 0.00925 | 0.02379 | 0.05779 | 0.13344 | 0.29448 | 
 0.400 |  0.00001 | 0.00003 | 0.00012 | 0.00041 | 0.00134 | 0.00396 | 0.01087 | 0.02797 | 0.06795 | 0.15690 | 0.34626 | 
 0.450 |  0.00001 | 0.00003 | 0.00014 | 0.00049 | 0.00157 | 0.00464 | 0.01273 | 0.03274 | 0.07955 | 0.18368 | 0.40537 | 
 0.500 |  0.00001 | 0.00004 | 0.00016 | 0.00057 | 0.00182 | 0.00540 | 0.01482 | 0.03814 | 0.09264 | 0.21392 | 0.47210 | 
 0.550 |  0.00001 | 0.00005 | 0.00018 | 0.00065 | 0.00211 | 0.00625 | 0.01716 | 0.04415 | 0.10725 | 0.24764 | 0.54653 | 
 0.600 |  0.00001 | 0.00005 | 0.00021 | 0.00075 | 0.00243 | 0.00719 | 0.01973 | 0.05077 | 0.12333 | 0.28478 | 0.62848 | 
 0.650 |  0.00001 | 0.00006 | 0.00024 | 0.00086 | 0.00277 | 0.00820 | 0.02253 | 0.05796 | 0.14079 | 0.32510 | 0.71748 | 
 0.700 |  0.00001 | 0.00007 | 0.00027 | 0.00097 | 0.00314 | 0.00929 | 0.02552 | 0.06565 | 0.15948 | 0.36826 | 0.81273 | 
 0.750 |  0.00002 | 0.00008 | 0.00031 | 0.00109 | 0.00353 | 0.01044 | 0.02867 | 0.07376 | 0.17917 | 0.41373 | 0.91307 | 
 0.800 |  0.00002 | 0.00008 | 0.00034 | 0.00122 | 0.00393 | 0.01163 | 0.03193 | 0.08215 | 0.19956 | 0.46081 | 1.01696 | 
-----------------------------------------------------------------------------------------------------------------------
 HORIZONTAL_STABILIZER  ( t/c: 0.120 )
  CL   |  M=0.450 | M=0.500 | M=0.550 | M=0.600 | M=0.650 | M=0.700 | M=0.750 | M=0.800 | M=0.850 | M=0.900 | M=0.950 | 
 0.300 |  0.00000 | 0.00000 | 0.00001 | 0.00003 | 0.00011 | 0.00031 | 0.00086 | 0.00222 | 0.00540 | 0.01247 | 0.02751 | 
 0.350 |  0.00000 | 0.00000 | 0.00001 | 0.00003 | 0.00011 | 0.00031 | 0.00086 | 0.00222 | 0.00540 | 0.01247 | 0.02751 | 
 0.400 |  0.00000 | 0.00000 | 0.00001 | 0.00003 | 0.00011 | 0.00031 | 0.00086 | 0.00222 | 0.00540 | 0.01247 | 0.02751 | 
 0.450 |  0.00000 | 0.00000 | 0.00001 | 0.00003 | 0.00011 | 0.00031 | 0.00086 | 0.00222 | 0.00540 | 0.01247 | 0.02751 | 
 0.500 |  0.00000 | 0.00000 | 0.00001 | 0.00003 | 0.00011 | 0.00031 | 0.00086 | 0.00222 | 0.00540 | 0.01247 | 0.02751 | 
 0.550 |  0.00000 | 0.00000 | 0.00001 | 0.00003 | 0.00011 | 0.00031 | 0.00086 | 0.00222 | 0.00540 | 0.01247 | 0.02751 | 
 0.600 |  0.00000 | 0.00000 | 0.00001 | 0.00003 | 0.00011 | 0.00031 | 0.00086 | 0.00222 | 0.00540 | 0.01247 | 0.02751 | 
 0.650 |  0.00000 | 0.00000 | 0.00001 | 0.00003 | 0.00011 | 0.00031 | 0.00086 | 0.00222 | 0.00540 | 0.01247 | 0.02751 | 
 0.700 |  0.00000 | 0.00000 | 0.00001 | 0.00003 | 0.00011 | 0.00031 | 0.00086 | 0.00222 | 0.00540 | 0.01247 | 0.02751 | 
 0.750 |  0.00000 | 0.00000 | 0.00001 | 0.00003 | 0.00011 | 0.00031 | 0.00086 | 0.00222 | 0.00540 | 0.01247 | 0.02751 | 
 0.800 |  0.00000 | 0.00000 | 0.00001 | 0.00003 | 0.00011 | 0.00031 | 0.00086 | 0.00222 | 0.00540 | 0.01247 | 0.02751 | 
-----------------------------------------------------------------------------------------------------------------------
 MAIN_WING  ( t/c: 0.159 )
  CL   |  M=0.450 | M=0.500 | M=0.550 | M=0.600 | M=0.650 | M=0.700 | M=0.750 | M=0.800 | M=0.850 | M=0.900 | M=0.950 | 
 0.300 |  0.00000 | 0.00002 | 0.00007 | 0.00026 | 0.00085 | 0.00250 | 0.00687 | 0.01767 | 0.04293 | 0.09913 | 0.21878 | 
 0.350 |  0.00000 | 0.00002 | 0.00009 | 0.00032 | 0.00102 | 0.00301 | 0.00828 | 0.02130 | 0.05174 | 0.11946 | 0.26364 | 
 0.400 |  0.00001 | 0.00003 | 0.00011 | 0.00038 | 0.00122 | 0.00361 | 0.00990 | 0.02548 | 0.06190 | 0.14292 | 0.31542 | 
 0.450 |  0.00001 | 0.00003 | 0.00013 | 0.00045 | 0.00145 | 0.00428 | 0.01176 | 0.03025 | 0.07350 | 0.16971 | 0.37453 | 
 0.500 |  0.00001 | 0.00004 | 0.00015 | 0.00053 | 0.00170 | 0.00505 | 0.01386 | 0.03564 | 0.08659 | 0.19995 | 0.44126 | 
 0.550 |  0.00001 | 0.00004 | 0.00017 | 0.00062 | 0.00199 | 0.00590 | 0.01619 | 0.04166 | 0.10119 | 0.23367 | 0.51569 | 
 0.600 |  0.00001 | 0.00005 | 0.00020 | 0.00072 | 0.00231 | 0.00683 | 0.01877 | 0.04828 | 0.11728 | 0.27080 | 0.59764 | 
 0.650 |  0.00001 | 0.00006 | 0.00023 | 0.00082 | 0.00265 | 0.00785 | 0.02156 | 0.05546 | 0.13474 | 0.31113 | 0.68664 | 
 0.700 |  0.00001 | 0.00006 | 0.00026 | 0.00094 | 0.00302 | 0.00894 | 0.02455 | 0.06316 | 0.15343 | 0.35429 | 0.78189 | 
 0.750 |  0.00002 | 0.00007 | 0.00030 | 0.00106 | 0.00341 | 0.01009 | 0.02770 | 0.07126 | 0.17312 | 0.39975 | 0.88223 | 
 0.800 |  0.00002 | 0.00008 | 0.00033 | 0.00118 | 0.00381 | 0.01128 | 0.03096 | 0.07966 | 0.19351 | 0.44683 | 0.98612 | 
-----------------------------------------------------------------------------------------------------------------------
 VERTICAL_STABILIZER  ( t/c: 0.120 )
  CL   |  M=0.450 | M=0.500 | M=0.550 | M=0.600 | M=0.650 | M=0.700 | M=0.750 | M=0.800 | M=0.850 | M=0.900 | M=0.950 | 
 0.300 |  0.00000 | 0.00000 | 0.00000 | 0.00000 | 0.00001 | 0.00004 | 0.00010 | 0.00027 | 0.00065 | 0.00151 | 0.00333 | 
 0.350 |  0.00000 | 0.00000 | 0.00000 | 0.00000 | 0.00001 | 0.00004 | 0.00010 | 0.00027 | 0.00065 | 0.00151 | 0.00333 | 
 0.400 |  0.00000 | 0.00000 | 0.00000 | 0.00000 | 0.00001 | 0.00004 | 0.00010 | 0.00027 | 0.00065 | 0.00151 | 0.00333 | 
 0.450 |  0.00000 | 0.00000 | 0.00000 | 0.00000 | 0.00001 | 0.00004 | 0.00010 | 0.00027 | 0.00065 | 0.00151 | 0.00333 | 
 0.500 |  0.00000 | 0.00000 | 0.00000 | 0.00000 | 0.00001 | 0.00004 | 0.00010 | 0.00027 | 0.00065 | 0.00151 | 0.00333 | 
 0.550 |  0.00000 | 0.00000 | 0.00000 | 0.00000 | 0.00001 | 0.00004 | 0.00010 | 0.00027 | 0.00065 | 0.00151 | 0.00333 | 
 0.600 |  0.00000 | 0.00000 | 0.00000 | 0.00000 | 0.00001 | 0.00004 | 0.00010 | 0.00027 | 0.00065 | 0.00151 | 0.00333 | 
 0.650 |  0.00000 | 0.00000 | 0.00000 | 0.00000 | 0.00001 | 0.00004 | 0.00010 | 0.00027 | 0.00065 | 0.00151 | 0.00333 | 
 0.700 |  0.00000 | 0.00000 | 0.00000 | 0.00000 | 0.00001 | 0.00004 | 0.00010 | 0.00027 | 0.00065 | 0.00151 | 0.00333 | 
 0.750 |  0.00000 | 0.00000 | 0.00000 | 0.00000 | 0.00001 | 0.00004 | 0.00010 | 0.00027 | 0.00065 | 0.00151 | 0.00333 | 
 0.800 |  0.00000 | 0.00000 | 0.00000 | 0.00000 | 0.00001 | 0.00004 | 0.00010 | 0.00027 | 0.00065 | 0.00151 | 0.00333 | 
-----------------------------------------------------------------------------------------------------------------------

 Thursday, 27. September 2018 05:31:55 PM