 Pareto results 
Pareto Frontier. Run number: 0 
[2014.04668317] 
[[0.03996557]] 
[[1375.95355419]] 
23175.062272 
[-1.94625066e-04 -7.73581100e-05  5.79429104e-02 -9.70817670e-05
  1.50464458e-01  2.00000000e-02  5.68434189e-15  1.21475856e-02
  5.65570316e-04  1.39323259e-01  7.94937954e-03  8.20829569e-01] 
[1.02486863 1.00635754 0.9669754  1.00060894 1.0076114  0.99248823] 

 
Pareto Frontier. Run number: 1 
[2013.45421982] 
[[0.03988723]] 
[[1377.43108046]] 
23152.8251187 
[-8.52218383e-05  5.15169451e-06  5.85833750e-02 -9.05778882e-05
  1.35689195e-01  2.00000000e-02  5.68434189e-15  1.21475856e-02
  4.87231822e-04  1.23593140e-01  3.22724950e-03  6.89101832e-01] 
[1.021633   1.00508642 0.97090311 1.00060894 1.00664457 0.99242657] 

 
Pareto Frontier. Run number: 2 
[2011.13642789] 
[[0.03967773]] 
[[1389.2574909]] 
22968.943935 
[-2.58954763e-06 -2.66357503e-06  6.29443955e-02 -2.14970144e-08
  1.74250910e-02  2.00000000e-02 -1.13686838e-14  1.21475856e-02
  2.77725785e-04 -1.99749544e-05  2.34137152e+00  3.76134644e-01] 
[0.99965196 0.99929588 1.02872678 1.00060894 0.99864974 0.99178376] 

 
Pareto Frontier. Run number: 3 
[2012.70170635] 
[[0.03992408]] 
[[1389.28974715]] 
22958.0045043 
[-1.42988636e-06 -1.65948178e-06  6.26135466e-02 -1.54750949e-07
  1.71025285e-02  2.00000000e-02  5.68434189e-15  1.21475856e-02
  5.24076324e-04 -3.43957070e-05  3.99604573e+00  8.07320696e-01] 
[1.00168828 1.0009995  1.0466032  1.00060894 0.99817411 0.99166431] 

 
Pareto Frontier. Run number: 4 
[2014.0490441] 
[[0.04012914]] 
[[1389.81260628]] 
22955.2631489 
[-1.14045679e-05 -1.79090705e-05  6.22011272e-02 -4.73250839e-06
  1.18739372e-02  2.00000000e-02  5.68434189e-15  1.21475856e-02
  7.29140822e-04 -4.33256443e-04  5.26699094e+00  1.16915960e+00] 
[1.00403597 1.00264003 1.05921501 1.00060894 0.99805492 0.99158943] 

 
Total run time: 25326.0380001