 Pareto results 
Pareto Frontier. Run number: 0 
[6756.43861294] 
[[0.04322514]] 
[[1520.00000606]] 
37767.5355283 
[-1.81529285e-07 -2.41136913e-07  1.62689296e-02  1.00000000e-05
 -6.06328990e-08  1.99999712e-02  2.88172487e-08  2.25466429e-01
  1.32251372e-02  2.21554900e-01  4.56776598e+00  2.43438589e+00] 
[1.01148239 1.         0.88810102 1.         0.98961882 1.01525633
 0.91233844] 

 
Pareto Frontier. Run number: 1 
[6767.45501024] 
[[0.0422048]] 
[[1520.00015124]] 
37374.9406952 
[-2.81443754e-06 -5.16680706e-06  2.01710049e-02  1.00000000e-05
 -1.51240322e-06  1.99991280e-02  8.72004671e-07  2.42766680e-01
  1.22047982e-02  1.16211052e-01  4.22430272e+00  2.54454494e+00] 
[0.96920952 1.         0.94354033 1.         0.99057847 1.00470271
 0.90992299] 

 
Pareto Frontier. Run number: 2 
[6805.90075127] 
[[0.04098595]] 
[[1520.00061121]] 
37041.993124 
[-9.38890993e-06 -1.82103961e-05  2.40765922e-02  1.00000000e-05
 -6.11206612e-06  1.99966839e-02  3.31614672e-06  2.38110111e-01
  1.09859520e-02  2.45715607e-02  5.32966736e+00  2.92898930e+00] 
[0.93254501 1.         1.01095651 1.         0.99015665 0.9957525
 0.90696143] 

 
Pareto Frontier. Run number: 3 
[6906.29515849] 
[[0.03617019]] 
[[1513.10274448]] 
36777.7116079 
[-1.28630311e-04 -3.19709320e-04  3.08279108e-02  1.00000000e-05
  6.89725552e-02  1.98576730e-02  1.42327038e-04  1.79299172e-01
  6.17019244e-03 -6.85724945e-08  9.57503506e+00  3.93263188e+00] 
[0.91145324 0.96158257 1.06971778 1.         0.98633061 0.98864816
 0.90246191] 

 
Pareto Frontier. Run number: 4 
[7032.89272461] 
[[0.03194832]] 
[[1516.63374023]] 
36601.0775503 
[-3.31410047e-08  5.00610986e-08  3.56041984e-02  1.00000000e-05
  3.36625977e-02  2.00000318e-02 -3.18000502e-08  7.26032658e-02
  1.94832000e-03  1.53115934e-09  1.70753920e+01  2.44715920e-09] 
[0.90034368 0.93789291 1.15384615 1.         0.98010515 0.98389993
 0.89761124] 

 
Total run time: 8788.38300014