 Pareto results 
Pareto Frontier. Run number: 0 
[2007.81154916] 
[[0.03981624]] 
[[1391.00228023]] 
23029.880482 
[-5.23701444e-05 -6.49907447e-05  6.11515988e-02  1.80246250e-03
 -2.28022504e-05  2.00000000e-02  4.49063009e-13  1.21475856e-02
  4.16241207e-04  6.51708812e-03  8.67146128e-04  5.84757753e-01] 
[1.00174705 1.00735851 1.00105741 1.00060894 1.00129915 0.99219311] 

 
Pareto Frontier. Run number: 1 
[2010.01036683] 
[[0.03946669]] 
[[1388.3626]] 
23026.6903426 
[-1.54283953e-09 -1.68937731e-09  6.21949674e-02 -1.54435797e-10
  2.63740000e-02  2.00000000e-02  5.68434189e-15  1.21475856e-02
  6.66908389e-05  2.04343789e-02 -9.18184651e-08 -3.23075255e-08] 
[1.00289541 0.99902361 0.99518513 1.00060894 1.00116045 0.99207559] 

 
Pareto Frontier. Run number: 2 
[2010.01036683] 
[[0.03946669]] 
[[1388.36259999]] 
23026.6903426 
[-1.54288864e-09 -1.69183841e-09  6.21949674e-02 -1.54442681e-10
  2.63740001e-02  2.00000000e-02  3.97903932e-14  1.21475856e-02
  6.66908389e-05  2.04343790e-02 -9.18193928e-08 -3.23084168e-08] 
[1.00289541 0.99902361 0.99518513 1.00060894 1.00116045 0.99207559] 

 
Pareto Frontier. Run number: 3 
[2010.01036682] 
[[0.03946669]] 
[[1388.3626]] 
23026.6903426 
[-1.54332702e-09 -1.68125734e-09  6.21949674e-02 -1.54535718e-10
  2.63740000e-02  2.00000000e-02  5.68434189e-15  1.21475856e-02
  6.66908389e-05  2.04343789e-02 -9.18256683e-08 -3.23253516e-08] 
[1.00289541 0.99902361 0.99518513 1.00060894 1.00116045 0.99207559] 

 
Pareto Frontier. Run number: 4 
[2010.01036683] 
[[0.03946669]] 
[[1388.3626]] 
23026.6903426 
[-1.54197369e-09 -1.69217128e-09  6.21949674e-02 -1.54254165e-10
  2.63740000e-02  2.00000000e-02 -1.13686838e-13  1.21475856e-02
  6.66908389e-05  2.04343789e-02 -9.18068054e-08 -3.22770029e-08] 
[1.00289541 0.99902361 0.99518513 1.00060894 1.00116045 0.99207559] 

 
Total run time: 11417.405