Output file with compressibility drag breakdown

  VEHICLE TAG : cruise

  REFERENCE AREA ................  75.2 m2 
  MAIN WING SWEEP ...............  28.8 deg
  MAIN WING THICKNESS RATIO .....  0.12    
 
 TOTAL COMPRESSIBILITY DRAG 
  CL   |  M=0.450 | M=0.500 | M=0.550 | M=0.600 | M=0.650 | M=0.700 | M=0.750 | M=0.800 | M=0.850 | M=0.900 | M=0.950 | 
 0.300 |  0.00000 | 0.00000 | 0.00001 | 0.00003 | 0.00009 | 0.00027 | 0.00073 | 0.00189 | 0.00459 | 0.01059 | 0.02337 | 
 0.350 |  0.00000 | 0.00000 | 0.00001 | 0.00003 | 0.00011 | 0.00032 | 0.00089 | 0.00229 | 0.00558 | 0.01287 | 0.02841 | 
 0.400 |  0.00000 | 0.00000 | 0.00001 | 0.00004 | 0.00013 | 0.00039 | 0.00108 | 0.00278 | 0.00675 | 0.01559 | 0.03440 | 
 0.450 |  0.00000 | 0.00000 | 0.00001 | 0.00005 | 0.00016 | 0.00047 | 0.00130 | 0.00334 | 0.00812 | 0.01874 | 0.04137 | 
 0.500 |  0.00000 | 0.00000 | 0.00002 | 0.00006 | 0.00019 | 0.00056 | 0.00155 | 0.00398 | 0.00968 | 0.02235 | 0.04932 | 
 0.550 |  0.00000 | 0.00000 | 0.00002 | 0.00007 | 0.00022 | 0.00067 | 0.00183 | 0.00470 | 0.01142 | 0.02637 | 0.05819 | 
 0.600 |  0.00000 | 0.00001 | 0.00002 | 0.00008 | 0.00026 | 0.00078 | 0.00213 | 0.00548 | 0.01331 | 0.03075 | 0.06785 | 
 0.650 |  0.00000 | 0.00001 | 0.00003 | 0.00009 | 0.00030 | 0.00089 | 0.00245 | 0.00631 | 0.01532 | 0.03539 | 0.07810 | 
 0.700 |  0.00000 | 0.00001 | 0.00003 | 0.00011 | 0.00034 | 0.00101 | 0.00278 | 0.00716 | 0.01739 | 0.04016 | 0.08864 | 
 0.750 |  0.00000 | 0.00001 | 0.00003 | 0.00012 | 0.00038 | 0.00113 | 0.00311 | 0.00801 | 0.01945 | 0.04491 | 0.09912 | 
 0.800 |  0.00000 | 0.00001 | 0.00004 | 0.00013 | 0.00042 | 0.00125 | 0.00343 | 0.00882 | 0.02142 | 0.04945 | 0.10913 | 
-----------------------------------------------------------------------------------------------------------------------
 HORIZONTAL_STABILIZER  ( t/c: 0.110 )
  CL   |  M=0.450 | M=0.500 | M=0.550 | M=0.600 | M=0.650 | M=0.700 | M=0.750 | M=0.800 | M=0.850 | M=0.900 | M=0.950 | 
 0.300 |  0.00000 | 0.00000 | 0.00000 | 0.00000 | 0.00001 | 0.00003 | 0.00008 | 0.00021 | 0.00052 | 0.00120 | 0.00264 | 
 0.350 |  0.00000 | 0.00000 | 0.00000 | 0.00000 | 0.00001 | 0.00003 | 0.00008 | 0.00021 | 0.00052 | 0.00120 | 0.00264 | 
 0.400 |  0.00000 | 0.00000 | 0.00000 | 0.00000 | 0.00001 | 0.00003 | 0.00008 | 0.00021 | 0.00052 | 0.00120 | 0.00264 | 
 0.450 |  0.00000 | 0.00000 | 0.00000 | 0.00000 | 0.00001 | 0.00003 | 0.00008 | 0.00021 | 0.00052 | 0.00120 | 0.00264 | 
 0.500 |  0.00000 | 0.00000 | 0.00000 | 0.00000 | 0.00001 | 0.00003 | 0.00008 | 0.00021 | 0.00052 | 0.00120 | 0.00264 | 
 0.550 |  0.00000 | 0.00000 | 0.00000 | 0.00000 | 0.00001 | 0.00003 | 0.00008 | 0.00021 | 0.00052 | 0.00120 | 0.00264 | 
 0.600 |  0.00000 | 0.00000 | 0.00000 | 0.00000 | 0.00001 | 0.00003 | 0.00008 | 0.00021 | 0.00052 | 0.00120 | 0.00264 | 
 0.650 |  0.00000 | 0.00000 | 0.00000 | 0.00000 | 0.00001 | 0.00003 | 0.00008 | 0.00021 | 0.00052 | 0.00120 | 0.00264 | 
 0.700 |  0.00000 | 0.00000 | 0.00000 | 0.00000 | 0.00001 | 0.00003 | 0.00008 | 0.00021 | 0.00052 | 0.00120 | 0.00264 | 
 0.750 |  0.00000 | 0.00000 | 0.00000 | 0.00000 | 0.00001 | 0.00003 | 0.00008 | 0.00021 | 0.00052 | 0.00120 | 0.00264 | 
 0.800 |  0.00000 | 0.00000 | 0.00000 | 0.00000 | 0.00001 | 0.00003 | 0.00008 | 0.00021 | 0.00052 | 0.00120 | 0.00264 | 
-----------------------------------------------------------------------------------------------------------------------
 MAIN_WING  ( t/c: 0.118 )
  CL   |  M=0.450 | M=0.500 | M=0.550 | M=0.600 | M=0.650 | M=0.700 | M=0.750 | M=0.800 | M=0.850 | M=0.900 | M=0.950 | 
 0.300 |  0.00000 | 0.00000 | 0.00001 | 0.00002 | 0.00007 | 0.00022 | 0.00060 | 0.00156 | 0.00378 | 0.00873 | 0.01926 | 
 0.350 |  0.00000 | 0.00000 | 0.00001 | 0.00003 | 0.00009 | 0.00028 | 0.00076 | 0.00196 | 0.00477 | 0.01101 | 0.02431 | 
 0.400 |  0.00000 | 0.00000 | 0.00001 | 0.00004 | 0.00012 | 0.00035 | 0.00095 | 0.00245 | 0.00594 | 0.01373 | 0.03029 | 
 0.450 |  0.00000 | 0.00000 | 0.00001 | 0.00004 | 0.00014 | 0.00043 | 0.00117 | 0.00301 | 0.00731 | 0.01689 | 0.03726 | 
 0.500 |  0.00000 | 0.00000 | 0.00002 | 0.00005 | 0.00017 | 0.00052 | 0.00142 | 0.00365 | 0.00887 | 0.02049 | 0.04522 | 
 0.550 |  0.00000 | 0.00000 | 0.00002 | 0.00006 | 0.00021 | 0.00062 | 0.00170 | 0.00437 | 0.01061 | 0.02451 | 0.05409 | 
 0.600 |  0.00000 | 0.00001 | 0.00002 | 0.00008 | 0.00025 | 0.00073 | 0.00200 | 0.00515 | 0.01251 | 0.02889 | 0.06375 | 
 0.650 |  0.00000 | 0.00001 | 0.00002 | 0.00009 | 0.00029 | 0.00085 | 0.00232 | 0.00598 | 0.01452 | 0.03353 | 0.07399 | 
 0.700 |  0.00000 | 0.00001 | 0.00003 | 0.00010 | 0.00033 | 0.00097 | 0.00265 | 0.00683 | 0.01659 | 0.03830 | 0.08453 | 
 0.750 |  0.00000 | 0.00001 | 0.00003 | 0.00011 | 0.00037 | 0.00109 | 0.00298 | 0.00768 | 0.01865 | 0.04305 | 0.09501 | 
 0.800 |  0.00000 | 0.00001 | 0.00004 | 0.00013 | 0.00041 | 0.00120 | 0.00330 | 0.00848 | 0.02061 | 0.04759 | 0.10503 | 
-----------------------------------------------------------------------------------------------------------------------
 VERTICAL_STABILIZER  ( t/c: 0.120 )
  CL   |  M=0.450 | M=0.500 | M=0.550 | M=0.600 | M=0.650 | M=0.700 | M=0.750 | M=0.800 | M=0.850 | M=0.900 | M=0.950 | 
 0.300 |  0.00000 | 0.00000 | 0.00000 | 0.00000 | 0.00001 | 0.00002 | 0.00005 | 0.00012 | 0.00029 | 0.00066 | 0.00146 | 
 0.350 |  0.00000 | 0.00000 | 0.00000 | 0.00000 | 0.00001 | 0.00002 | 0.00005 | 0.00012 | 0.00029 | 0.00066 | 0.00146 | 
 0.400 |  0.00000 | 0.00000 | 0.00000 | 0.00000 | 0.00001 | 0.00002 | 0.00005 | 0.00012 | 0.00029 | 0.00066 | 0.00146 | 
 0.450 |  0.00000 | 0.00000 | 0.00000 | 0.00000 | 0.00001 | 0.00002 | 0.00005 | 0.00012 | 0.00029 | 0.00066 | 0.00146 | 
 0.500 |  0.00000 | 0.00000 | 0.00000 | 0.00000 | 0.00001 | 0.00002 | 0.00005 | 0.00012 | 0.00029 | 0.00066 | 0.00146 | 
 0.550 |  0.00000 | 0.00000 | 0.00000 | 0.00000 | 0.00001 | 0.00002 | 0.00005 | 0.00012 | 0.00029 | 0.00066 | 0.00146 | 
 0.600 |  0.00000 | 0.00000 | 0.00000 | 0.00000 | 0.00001 | 0.00002 | 0.00005 | 0.00012 | 0.00029 | 0.00066 | 0.00146 | 
 0.650 |  0.00000 | 0.00000 | 0.00000 | 0.00000 | 0.00001 | 0.00002 | 0.00005 | 0.00012 | 0.00029 | 0.00066 | 0.00146 | 
 0.700 |  0.00000 | 0.00000 | 0.00000 | 0.00000 | 0.00001 | 0.00002 | 0.00005 | 0.00012 | 0.00029 | 0.00066 | 0.00146 | 
 0.750 |  0.00000 | 0.00000 | 0.00000 | 0.00000 | 0.00001 | 0.00002 | 0.00005 | 0.00012 | 0.00029 | 0.00066 | 0.00146 | 
 0.800 |  0.00000 | 0.00000 | 0.00000 | 0.00000 | 0.00001 | 0.00002 | 0.00005 | 0.00012 | 0.00029 | 0.00066 | 0.00146 | 
-----------------------------------------------------------------------------------------------------------------------

 Wednesday, 26. September 2018 09:51:26 PM