 Pareto results 
Pareto Frontier. Run number: 0 
[6756.43294967] 
[[0.04327887]] 
[[1520.02607368]] 
37792.38404 
[-9.22117502e-05 -1.41212690e-04  1.60395881e-02  1.00000000e-05
 -2.60736824e-04  1.98554630e-02  1.44536971e-04  2.23930328e-01
  1.32788749e-02  2.27958596e-01  4.61531403e+00  2.43291737e+00] 
[1.01412895 1.         0.88505266 1.         0.98953124 1.0159243
 0.91247074] 

 
Pareto Frontier. Run number: 1 
[6756.42787541] 
[[0.04327867]] 
[[1520.02739241]] 
37792.3173286 
[-3.11606592e-05 -1.58139039e-04  1.60404146e-02  1.00000000e-05
 -2.73924106e-04  2.01404337e-02 -1.40433677e-04  2.23931015e-01
  1.32786653e-02  2.27934445e-01  4.61454998e+00  2.43269736e+00] 
[1.01412543 0.99999464 0.88504806 0.99999044 0.98952874 1.01592251
 0.91247283] 

 
Pareto Frontier. Run number: 2 
[6756.42787541] 
[[0.04327867]] 
[[1520.02739241]] 
37792.3173286 
[-3.06756618e-05 -1.58160877e-04  1.60404146e-02  1.00000000e-05
 -2.73924106e-04  2.01404337e-02 -1.40433677e-04  2.23931015e-01
  1.32786653e-02  2.27934445e-01  4.61454998e+00  2.43269715e+00] 
[1.01412543 0.99999464 0.88504806 0.99999044 0.98952874 1.01592251
 0.91247283] 

 
Pareto Frontier. Run number: 3 
[6756.42787541] 
[[0.04327867]] 
[[1520.02739241]] 
37792.3173286 
[-3.01906645e-05 -1.58182714e-04  1.60404146e-02  1.00000000e-05
 -2.73924106e-04  2.01404337e-02 -1.40433677e-04  2.23931015e-01
  1.32786653e-02  2.27934445e-01  4.61454998e+00  2.43269693e+00] 
[1.01412543 0.99999464 0.88504806 0.99999044 0.98952874 1.01592251
 0.91247284] 

 
Pareto Frontier. Run number: 4 
[6756.42787541] 
[[0.04327867]] 
[[1520.02739241]] 
37792.3173286 
[-2.97056672e-05 -1.58204551e-04  1.60404146e-02  1.00000000e-05
 -2.73924106e-04  2.01404337e-02 -1.40433677e-04  2.23931015e-01
  1.32786653e-02  2.27934445e-01  4.61454998e+00  2.43269671e+00] 
[1.01412543 0.99999464 0.88504806 0.99999044 0.98952874 1.01592251
 0.91247286] 

 
Total run time: 1435.52499986