Pareto Frontier. Run number: 0 
[6940.81160888] 
[[0.04283141]] 
[[1519.87903546]] 
37661.93627467144 
[2.17499200e+00 1.81701678e-02 1.00000000e-05 1.20964535e-03
 1.59386733e+00 3.31681206e-01 6.83187940e-02 1.05457921e-01
 1.28314126e-02 1.98359504e-01 2.02641849e-03 5.47000000e-01
 3.76619363e-01 2.11979363e+04] 
[0.7344394  0.1000906  0.116846   0.2426708  0.11093355 1.        ] 

 
Pareto Frontier. Run number: 1 
Pareto Frontier. Run number: 0 
[6940.56710776] 
[[0.04283365]] 
[[1520.00210502]] 
37661.71659006352 
[2.17523650e+00 1.81736506e-02 1.00000000e-05 2.10502108e-05
 1.59408702e+00 3.99712989e-01 2.87010906e-04 1.05480330e-01
 1.28336491e-02 1.97487617e-01 2.06799487e-04 5.47000000e-01] 
[0.73439152 0.10009015 0.1168346  0.24263965 0.11092689 1.        ] 

 
Pareto Frontier. Run number: 1 
[6940.89932996] 
[[0.04282955]] 
[[1519.86365378]] 
37661.27202270434 
[2.17490428e+00 1.81766514e-02 1.00000000e-05 1.36346224e-03
 1.59453158e+00 3.33218154e-01 6.67818461e-02 1.05420690e-01
 1.28295529e-02 1.98287478e-01 2.02521806e-03 5.47000000e-01] 
[0.73439239 0.10009061 0.11685721 0.24265995 0.1109331  0.75      ] 

 
Pareto Frontier. Run number: 2 
[6940.90345784] 
[[0.04282946]] 
[[1519.86298354]] 
37661.24190783538 
[2.17490015e+00 1.81769502e-02 1.00000000e-05 1.37016462e-03
 1.59456170e+00 3.33283404e-01 6.67165957e-02 1.05418896e-01
 1.28294649e-02 1.98284019e-01 2.02515928e-03 5.47000000e-01] 
[0.73439023 0.10009061 0.11685772 0.24265945 0.11093307 0.5       ] 

 
Pareto Frontier. Run number: 3 
[6940.90509002] 
[[0.04282943]] 
[[1519.86272003]] 
37661.2300333583 
[2.17489852e+00 1.81770680e-02 1.00000000e-05 1.37279973e-03
 1.59457357e+00 3.33309052e-01 6.66909484e-02 1.05418185e-01
 1.28294302e-02 1.98282649e-01 2.02513599e-03 5.47000000e-01] 
[0.73438937 0.10009061 0.11685793 0.24265925 0.11093307 0.25      ] 

 
Pareto Frontier. Run number: 4 
[6941.17636077] 
[[0.04279972]] 
[[1519.7922149]] 
37657.70039122761 
[2.17462725e+00 1.82310278e-02 1.00000000e-05 2.07785101e-03
 1.59810321e+00 3.35271635e-01 6.47283650e-02 1.05383497e-01
 1.27997162e-02 1.97807523e-01 3.86555913e-03 5.47000000e-01] 
[0.73415468 0.10006632 0.11692262 0.24274663 0.11093249 0.        ] 

 
Total run time: 5599.24900007