Output file with compressibility drag breakdown

  VEHICLE TAG : cruise

  REFERENCE AREA ................  75.9 m2 
  MAIN WING SWEEP ...............  30.0 deg
  MAIN WING THICKNESS RATIO .....  0.12    
 
 TOTAL COMPRESSIBILITY DRAG 
  CL   |  M=0.450 | M=0.500 | M=0.550 | M=0.600 | M=0.650 | M=0.700 | M=0.750 | M=0.800 | M=0.850 | M=0.900 | M=0.950 | 
 0.300 |  0.00000 | 0.00000 | 0.00001 | 0.00002 | 0.00008 | 0.00023 | 0.00062 | 0.00160 | 0.00389 | 0.00899 | 0.01985 | 
 0.350 |  0.00000 | 0.00000 | 0.00001 | 0.00003 | 0.00009 | 0.00028 | 0.00076 | 0.00194 | 0.00472 | 0.01090 | 0.02405 | 
 0.400 |  0.00000 | 0.00000 | 0.00001 | 0.00003 | 0.00011 | 0.00033 | 0.00091 | 0.00235 | 0.00570 | 0.01316 | 0.02905 | 
 0.450 |  0.00000 | 0.00000 | 0.00001 | 0.00004 | 0.00013 | 0.00040 | 0.00110 | 0.00282 | 0.00684 | 0.01581 | 0.03488 | 
 0.500 |  0.00000 | 0.00000 | 0.00001 | 0.00005 | 0.00016 | 0.00047 | 0.00130 | 0.00335 | 0.00815 | 0.01882 | 0.04153 | 
 0.550 |  0.00000 | 0.00000 | 0.00002 | 0.00006 | 0.00019 | 0.00056 | 0.00154 | 0.00395 | 0.00960 | 0.02217 | 0.04893 | 
 0.600 |  0.00000 | 0.00000 | 0.00002 | 0.00007 | 0.00022 | 0.00065 | 0.00179 | 0.00460 | 0.01118 | 0.02581 | 0.05696 | 
 0.650 |  0.00000 | 0.00001 | 0.00002 | 0.00008 | 0.00025 | 0.00075 | 0.00205 | 0.00529 | 0.01284 | 0.02965 | 0.06543 | 
 0.700 |  0.00000 | 0.00001 | 0.00002 | 0.00009 | 0.00029 | 0.00085 | 0.00233 | 0.00598 | 0.01454 | 0.03357 | 0.07408 | 
 0.750 |  0.00000 | 0.00001 | 0.00003 | 0.00010 | 0.00032 | 0.00094 | 0.00259 | 0.00667 | 0.01621 | 0.03742 | 0.08259 | 
 0.800 |  0.00000 | 0.00001 | 0.00003 | 0.00011 | 0.00035 | 0.00104 | 0.00284 | 0.00732 | 0.01778 | 0.04105 | 0.09061 | 
-----------------------------------------------------------------------------------------------------------------------
 HORIZONTAL_STABILIZER  ( t/c: 0.110 )
  CL   |  M=0.450 | M=0.500 | M=0.550 | M=0.600 | M=0.650 | M=0.700 | M=0.750 | M=0.800 | M=0.850 | M=0.900 | M=0.950 | 
 0.300 |  0.00000 | 0.00000 | 0.00000 | 0.00000 | 0.00001 | 0.00003 | 0.00008 | 0.00021 | 0.00052 | 0.00120 | 0.00264 | 
 0.350 |  0.00000 | 0.00000 | 0.00000 | 0.00000 | 0.00001 | 0.00003 | 0.00008 | 0.00021 | 0.00052 | 0.00120 | 0.00264 | 
 0.400 |  0.00000 | 0.00000 | 0.00000 | 0.00000 | 0.00001 | 0.00003 | 0.00008 | 0.00021 | 0.00052 | 0.00120 | 0.00264 | 
 0.450 |  0.00000 | 0.00000 | 0.00000 | 0.00000 | 0.00001 | 0.00003 | 0.00008 | 0.00021 | 0.00052 | 0.00120 | 0.00264 | 
 0.500 |  0.00000 | 0.00000 | 0.00000 | 0.00000 | 0.00001 | 0.00003 | 0.00008 | 0.00021 | 0.00052 | 0.00120 | 0.00264 | 
 0.550 |  0.00000 | 0.00000 | 0.00000 | 0.00000 | 0.00001 | 0.00003 | 0.00008 | 0.00021 | 0.00052 | 0.00120 | 0.00264 | 
 0.600 |  0.00000 | 0.00000 | 0.00000 | 0.00000 | 0.00001 | 0.00003 | 0.00008 | 0.00021 | 0.00052 | 0.00120 | 0.00264 | 
 0.650 |  0.00000 | 0.00000 | 0.00000 | 0.00000 | 0.00001 | 0.00003 | 0.00008 | 0.00021 | 0.00052 | 0.00120 | 0.00264 | 
 0.700 |  0.00000 | 0.00000 | 0.00000 | 0.00000 | 0.00001 | 0.00003 | 0.00008 | 0.00021 | 0.00052 | 0.00120 | 0.00264 | 
 0.750 |  0.00000 | 0.00000 | 0.00000 | 0.00000 | 0.00001 | 0.00003 | 0.00008 | 0.00021 | 0.00052 | 0.00120 | 0.00264 | 
 0.800 |  0.00000 | 0.00000 | 0.00000 | 0.00000 | 0.00001 | 0.00003 | 0.00008 | 0.00021 | 0.00052 | 0.00120 | 0.00264 | 
-----------------------------------------------------------------------------------------------------------------------
 MAIN_WING  ( t/c: 0.115 )
  CL   |  M=0.450 | M=0.500 | M=0.550 | M=0.600 | M=0.650 | M=0.700 | M=0.750 | M=0.800 | M=0.850 | M=0.900 | M=0.950 | 
 0.300 |  0.00000 | 0.00000 | 0.00001 | 0.00002 | 0.00006 | 0.00018 | 0.00049 | 0.00127 | 0.00309 | 0.00713 | 0.01575 | 
 0.350 |  0.00000 | 0.00000 | 0.00001 | 0.00002 | 0.00008 | 0.00023 | 0.00063 | 0.00161 | 0.00392 | 0.00904 | 0.01995 | 
 0.400 |  0.00000 | 0.00000 | 0.00001 | 0.00003 | 0.00010 | 0.00029 | 0.00078 | 0.00202 | 0.00490 | 0.01131 | 0.02495 | 
 0.450 |  0.00000 | 0.00000 | 0.00001 | 0.00004 | 0.00012 | 0.00035 | 0.00097 | 0.00249 | 0.00604 | 0.01395 | 0.03078 | 
 0.500 |  0.00000 | 0.00000 | 0.00001 | 0.00004 | 0.00014 | 0.00043 | 0.00118 | 0.00302 | 0.00734 | 0.01696 | 0.03742 | 
 0.550 |  0.00000 | 0.00000 | 0.00002 | 0.00005 | 0.00017 | 0.00051 | 0.00141 | 0.00362 | 0.00880 | 0.02031 | 0.04483 | 
 0.600 |  0.00000 | 0.00000 | 0.00002 | 0.00006 | 0.00020 | 0.00060 | 0.00166 | 0.00427 | 0.01037 | 0.02395 | 0.05286 | 
 0.650 |  0.00000 | 0.00001 | 0.00002 | 0.00007 | 0.00024 | 0.00070 | 0.00193 | 0.00495 | 0.01203 | 0.02779 | 0.06133 | 
 0.700 |  0.00000 | 0.00001 | 0.00002 | 0.00008 | 0.00027 | 0.00080 | 0.00220 | 0.00565 | 0.01373 | 0.03171 | 0.06998 | 
 0.750 |  0.00000 | 0.00001 | 0.00003 | 0.00009 | 0.00030 | 0.00090 | 0.00246 | 0.00634 | 0.01540 | 0.03557 | 0.07849 | 
 0.800 |  0.00000 | 0.00001 | 0.00003 | 0.00010 | 0.00033 | 0.00099 | 0.00272 | 0.00699 | 0.01697 | 0.03920 | 0.08650 | 
-----------------------------------------------------------------------------------------------------------------------
 VERTICAL_STABILIZER  ( t/c: 0.120 )
  CL   |  M=0.450 | M=0.500 | M=0.550 | M=0.600 | M=0.650 | M=0.700 | M=0.750 | M=0.800 | M=0.850 | M=0.900 | M=0.950 | 
 0.300 |  0.00000 | 0.00000 | 0.00000 | 0.00000 | 0.00001 | 0.00002 | 0.00005 | 0.00012 | 0.00029 | 0.00066 | 0.00146 | 
 0.350 |  0.00000 | 0.00000 | 0.00000 | 0.00000 | 0.00001 | 0.00002 | 0.00005 | 0.00012 | 0.00029 | 0.00066 | 0.00146 | 
 0.400 |  0.00000 | 0.00000 | 0.00000 | 0.00000 | 0.00001 | 0.00002 | 0.00005 | 0.00012 | 0.00029 | 0.00066 | 0.00146 | 
 0.450 |  0.00000 | 0.00000 | 0.00000 | 0.00000 | 0.00001 | 0.00002 | 0.00005 | 0.00012 | 0.00029 | 0.00066 | 0.00146 | 
 0.500 |  0.00000 | 0.00000 | 0.00000 | 0.00000 | 0.00001 | 0.00002 | 0.00005 | 0.00012 | 0.00029 | 0.00066 | 0.00146 | 
 0.550 |  0.00000 | 0.00000 | 0.00000 | 0.00000 | 0.00001 | 0.00002 | 0.00005 | 0.00012 | 0.00029 | 0.00066 | 0.00146 | 
 0.600 |  0.00000 | 0.00000 | 0.00000 | 0.00000 | 0.00001 | 0.00002 | 0.00005 | 0.00012 | 0.00029 | 0.00066 | 0.00146 | 
 0.650 |  0.00000 | 0.00000 | 0.00000 | 0.00000 | 0.00001 | 0.00002 | 0.00005 | 0.00012 | 0.00029 | 0.00066 | 0.00146 | 
 0.700 |  0.00000 | 0.00000 | 0.00000 | 0.00000 | 0.00001 | 0.00002 | 0.00005 | 0.00012 | 0.00029 | 0.00066 | 0.00146 | 
 0.750 |  0.00000 | 0.00000 | 0.00000 | 0.00000 | 0.00001 | 0.00002 | 0.00005 | 0.00012 | 0.00029 | 0.00066 | 0.00146 | 
 0.800 |  0.00000 | 0.00000 | 0.00000 | 0.00000 | 0.00001 | 0.00002 | 0.00005 | 0.00012 | 0.00029 | 0.00066 | 0.00146 | 
-----------------------------------------------------------------------------------------------------------------------

 Wednesday, 26. September 2018 11:31:45 PM