 Pareto results 
Pareto Frontier. Run number: 0 
[6756.43861294] 
[[0.04322514]] 
[[1520.00000606]] 
37767.5355283 
[-1.81529285e-07 -2.41136913e-07  1.62689296e-02  1.00000000e-05
 -6.06328990e-08  1.99999712e-02  2.88172487e-08  2.25466429e-01
  1.32251372e-02  2.21554900e-01  4.56776598e+00  2.43438589e+00] 
[1.01148239 1.         0.88810102 1.         0.98961882 1.01525633
 0.91233844] 

 
Pareto Frontier. Run number: 1 
[6756.71253465] 
[[0.04321674]] 
[[1519.96076341]] 
37766.9676148 
[-1.73885859e-06 -2.71746841e-06  1.62824446e-02  1.00000000e-05
  3.92365946e-04  1.99995386e-02  4.61363516e-07  2.25323250e-01
  1.32167412e-02  2.21694347e-01  4.56486668e+00  2.43712263e+00] 
[1.0114633  0.99990185 0.8880565  0.99974609 0.98960954 1.01524106
 0.91232739] 

 
Pareto Frontier. Run number: 2 
[6756.98592304] 
[[0.04320836]] 
[[1519.92160202]] 
37766.3997484 
[-3.29397721e-06 -7.73731317e-06  1.62959365e-02  1.00000000e-05
  7.83979834e-04  1.99991508e-02  8.49173421e-07  2.25180374e-01
  1.32083629e-02  2.21833191e-01  4.56197344e+00  2.43985149e+00] 
[1.0114441  0.99980401 0.88801233 0.99949272 0.98960028 1.0152258
 0.91231637] 

 
Pareto Frontier. Run number: 3 
[6757.2606344] 
[[0.04319995]] 
[[1519.88237742]] 
37765.8276309 
[-4.86070916e-06  8.67810893e-06  1.63094987e-02  1.00000000e-05
  1.17622577e-03  1.99986137e-02  1.38632467e-06  2.25036845e-01
  1.31999462e-02  2.21971328e-01  4.55906725e+00  2.44261502e+00] 
[1.01142425 0.99970613 0.88796887 0.99923819 0.98959098 1.01521042
 0.91230522] 

 
Pareto Frontier. Run number: 4 
[6757.53116026] 
[[0.04319166]] 
[[1519.84353154]] 
37765.2639462 
[-6.39021739e-06 -2.02969477e-05  1.63228558e-02  1.00000000e-05
  1.56468462e-03  1.99983048e-02  1.69520138e-06  2.24895482e-01
  1.31916565e-02  2.22108943e-01  4.55620448e+00  2.44529131e+00] 
[1.01140527 0.99960926 0.8879251  0.9989875  0.98958181 1.01519527
 0.91229438] 

 
Total run time: 3423.22000003