Output file with compressibility drag breakdown

  VEHICLE TAG : cruise

  REFERENCE AREA ................  74.7 m2 
  MAIN WING SWEEP ...............  23.8 deg
  MAIN WING THICKNESS RATIO .....  0.11    
 
 TOTAL COMPRESSIBILITY DRAG 
  CL   |  M=0.450 | M=0.500 | M=0.550 | M=0.600 | M=0.650 | M=0.700 | M=0.750 | M=0.800 | M=0.850 | M=0.900 | M=0.950 | 
 0.300 |  0.00000 | 0.00000 | 0.00001 | 0.00004 | 0.00013 | 0.00038 | 0.00103 | 0.00265 | 0.00644 | 0.01488 | 0.03284 | 
 0.350 |  0.00000 | 0.00000 | 0.00001 | 0.00005 | 0.00015 | 0.00046 | 0.00126 | 0.00323 | 0.00785 | 0.01814 | 0.04003 | 
 0.400 |  0.00000 | 0.00000 | 0.00002 | 0.00006 | 0.00019 | 0.00056 | 0.00153 | 0.00392 | 0.00953 | 0.02201 | 0.04857 | 
 0.450 |  0.00000 | 0.00000 | 0.00002 | 0.00007 | 0.00023 | 0.00067 | 0.00184 | 0.00473 | 0.01149 | 0.02654 | 0.05858 | 
 0.500 |  0.00000 | 0.00001 | 0.00002 | 0.00008 | 0.00027 | 0.00080 | 0.00220 | 0.00566 | 0.01376 | 0.03177 | 0.07012 | 
 0.550 |  0.00000 | 0.00001 | 0.00003 | 0.00010 | 0.00032 | 0.00095 | 0.00261 | 0.00672 | 0.01633 | 0.03771 | 0.08322 | 
 0.600 |  0.00000 | 0.00001 | 0.00003 | 0.00012 | 0.00038 | 0.00112 | 0.00307 | 0.00790 | 0.01919 | 0.04432 | 0.09781 | 
 0.650 |  0.00000 | 0.00001 | 0.00004 | 0.00014 | 0.00044 | 0.00130 | 0.00357 | 0.00919 | 0.02232 | 0.05155 | 0.11376 | 
 0.700 |  0.00000 | 0.00001 | 0.00004 | 0.00016 | 0.00051 | 0.00150 | 0.00411 | 0.01057 | 0.02567 | 0.05927 | 0.13081 | 
 0.750 |  0.00000 | 0.00001 | 0.00005 | 0.00018 | 0.00057 | 0.00170 | 0.00467 | 0.01201 | 0.02917 | 0.06735 | 0.14863 | 
 0.800 |  0.00000 | 0.00001 | 0.00006 | 0.00020 | 0.00064 | 0.00191 | 0.00524 | 0.01347 | 0.03273 | 0.07557 | 0.16677 | 
-----------------------------------------------------------------------------------------------------------------------
 HORIZONTAL_STABILIZER  ( t/c: 0.110 )
  CL   |  M=0.450 | M=0.500 | M=0.550 | M=0.600 | M=0.650 | M=0.700 | M=0.750 | M=0.800 | M=0.850 | M=0.900 | M=0.950 | 
 0.300 |  0.00000 | 0.00000 | 0.00000 | 0.00000 | 0.00001 | 0.00003 | 0.00008 | 0.00021 | 0.00052 | 0.00120 | 0.00264 | 
 0.350 |  0.00000 | 0.00000 | 0.00000 | 0.00000 | 0.00001 | 0.00003 | 0.00008 | 0.00021 | 0.00052 | 0.00120 | 0.00264 | 
 0.400 |  0.00000 | 0.00000 | 0.00000 | 0.00000 | 0.00001 | 0.00003 | 0.00008 | 0.00021 | 0.00052 | 0.00120 | 0.00264 | 
 0.450 |  0.00000 | 0.00000 | 0.00000 | 0.00000 | 0.00001 | 0.00003 | 0.00008 | 0.00021 | 0.00052 | 0.00120 | 0.00264 | 
 0.500 |  0.00000 | 0.00000 | 0.00000 | 0.00000 | 0.00001 | 0.00003 | 0.00008 | 0.00021 | 0.00052 | 0.00120 | 0.00264 | 
 0.550 |  0.00000 | 0.00000 | 0.00000 | 0.00000 | 0.00001 | 0.00003 | 0.00008 | 0.00021 | 0.00052 | 0.00120 | 0.00264 | 
 0.600 |  0.00000 | 0.00000 | 0.00000 | 0.00000 | 0.00001 | 0.00003 | 0.00008 | 0.00021 | 0.00052 | 0.00120 | 0.00264 | 
 0.650 |  0.00000 | 0.00000 | 0.00000 | 0.00000 | 0.00001 | 0.00003 | 0.00008 | 0.00021 | 0.00052 | 0.00120 | 0.00264 | 
 0.700 |  0.00000 | 0.00000 | 0.00000 | 0.00000 | 0.00001 | 0.00003 | 0.00008 | 0.00021 | 0.00052 | 0.00120 | 0.00264 | 
 0.750 |  0.00000 | 0.00000 | 0.00000 | 0.00000 | 0.00001 | 0.00003 | 0.00008 | 0.00021 | 0.00052 | 0.00120 | 0.00264 | 
 0.800 |  0.00000 | 0.00000 | 0.00000 | 0.00000 | 0.00001 | 0.00003 | 0.00008 | 0.00021 | 0.00052 | 0.00120 | 0.00264 | 
-----------------------------------------------------------------------------------------------------------------------
 MAIN_WING  ( t/c: 0.112 )
  CL   |  M=0.450 | M=0.500 | M=0.550 | M=0.600 | M=0.650 | M=0.700 | M=0.750 | M=0.800 | M=0.850 | M=0.900 | M=0.950 | 
 0.300 |  0.00000 | 0.00000 | 0.00001 | 0.00003 | 0.00011 | 0.00033 | 0.00090 | 0.00232 | 0.00564 | 0.01302 | 0.02874 | 
 0.350 |  0.00000 | 0.00000 | 0.00001 | 0.00004 | 0.00014 | 0.00041 | 0.00113 | 0.00290 | 0.00705 | 0.01628 | 0.03592 | 
 0.400 |  0.00000 | 0.00000 | 0.00001 | 0.00005 | 0.00017 | 0.00051 | 0.00140 | 0.00359 | 0.00873 | 0.02015 | 0.04447 | 
 0.450 |  0.00000 | 0.00000 | 0.00002 | 0.00007 | 0.00021 | 0.00062 | 0.00171 | 0.00440 | 0.01069 | 0.02468 | 0.05448 | 
 0.500 |  0.00000 | 0.00001 | 0.00002 | 0.00008 | 0.00026 | 0.00075 | 0.00207 | 0.00533 | 0.01296 | 0.02992 | 0.06602 | 
 0.550 |  0.00000 | 0.00001 | 0.00003 | 0.00009 | 0.00031 | 0.00090 | 0.00248 | 0.00639 | 0.01553 | 0.03585 | 0.07912 | 
 0.600 |  0.00000 | 0.00001 | 0.00003 | 0.00011 | 0.00036 | 0.00107 | 0.00294 | 0.00757 | 0.01839 | 0.04246 | 0.09371 | 
 0.650 |  0.00000 | 0.00001 | 0.00004 | 0.00013 | 0.00042 | 0.00125 | 0.00344 | 0.00886 | 0.02152 | 0.04969 | 0.10965 | 
 0.700 |  0.00000 | 0.00001 | 0.00004 | 0.00015 | 0.00049 | 0.00145 | 0.00398 | 0.01023 | 0.02486 | 0.05741 | 0.12671 | 
 0.750 |  0.00000 | 0.00001 | 0.00005 | 0.00017 | 0.00056 | 0.00165 | 0.00454 | 0.01167 | 0.02836 | 0.06549 | 0.14453 | 
 0.800 |  0.00000 | 0.00001 | 0.00005 | 0.00019 | 0.00063 | 0.00186 | 0.00511 | 0.01314 | 0.03192 | 0.07371 | 0.16267 | 
-----------------------------------------------------------------------------------------------------------------------
 VERTICAL_STABILIZER  ( t/c: 0.120 )
  CL   |  M=0.450 | M=0.500 | M=0.550 | M=0.600 | M=0.650 | M=0.700 | M=0.750 | M=0.800 | M=0.850 | M=0.900 | M=0.950 | 
 0.300 |  0.00000 | 0.00000 | 0.00000 | 0.00000 | 0.00001 | 0.00002 | 0.00005 | 0.00012 | 0.00029 | 0.00066 | 0.00146 | 
 0.350 |  0.00000 | 0.00000 | 0.00000 | 0.00000 | 0.00001 | 0.00002 | 0.00005 | 0.00012 | 0.00029 | 0.00066 | 0.00146 | 
 0.400 |  0.00000 | 0.00000 | 0.00000 | 0.00000 | 0.00001 | 0.00002 | 0.00005 | 0.00012 | 0.00029 | 0.00066 | 0.00146 | 
 0.450 |  0.00000 | 0.00000 | 0.00000 | 0.00000 | 0.00001 | 0.00002 | 0.00005 | 0.00012 | 0.00029 | 0.00066 | 0.00146 | 
 0.500 |  0.00000 | 0.00000 | 0.00000 | 0.00000 | 0.00001 | 0.00002 | 0.00005 | 0.00012 | 0.00029 | 0.00066 | 0.00146 | 
 0.550 |  0.00000 | 0.00000 | 0.00000 | 0.00000 | 0.00001 | 0.00002 | 0.00005 | 0.00012 | 0.00029 | 0.00066 | 0.00146 | 
 0.600 |  0.00000 | 0.00000 | 0.00000 | 0.00000 | 0.00001 | 0.00002 | 0.00005 | 0.00012 | 0.00029 | 0.00066 | 0.00146 | 
 0.650 |  0.00000 | 0.00000 | 0.00000 | 0.00000 | 0.00001 | 0.00002 | 0.00005 | 0.00012 | 0.00029 | 0.00066 | 0.00146 | 
 0.700 |  0.00000 | 0.00000 | 0.00000 | 0.00000 | 0.00001 | 0.00002 | 0.00005 | 0.00012 | 0.00029 | 0.00066 | 0.00146 | 
 0.750 |  0.00000 | 0.00000 | 0.00000 | 0.00000 | 0.00001 | 0.00002 | 0.00005 | 0.00012 | 0.00029 | 0.00066 | 0.00146 | 
 0.800 |  0.00000 | 0.00000 | 0.00000 | 0.00000 | 0.00001 | 0.00002 | 0.00005 | 0.00012 | 0.00029 | 0.00066 | 0.00146 | 
-----------------------------------------------------------------------------------------------------------------------

 Sunday, 23. September 2018 02:09:23 AM