Output file with compressibility drag breakdown

  VEHICLE TAG : cruise

  REFERENCE AREA ................  71.4 m2 
  MAIN WING SWEEP ...............  22.9 deg
  MAIN WING THICKNESS RATIO .....  0.12    
 
 TOTAL COMPRESSIBILITY DRAG 
  CL   |  M=0.450 | M=0.500 | M=0.550 | M=0.600 | M=0.650 | M=0.700 | M=0.750 | M=0.800 | M=0.850 | M=0.900 | M=0.950 | 
 0.300 |  0.00000 | 0.00000 | 0.00001 | 0.00005 | 0.00016 | 0.00047 | 0.00128 | 0.00329 | 0.00799 | 0.01846 | 0.04074 | 
 0.350 |  0.00000 | 0.00000 | 0.00002 | 0.00006 | 0.00019 | 0.00057 | 0.00156 | 0.00401 | 0.00975 | 0.02252 | 0.04970 | 
 0.400 |  0.00000 | 0.00001 | 0.00002 | 0.00007 | 0.00023 | 0.00069 | 0.00189 | 0.00487 | 0.01183 | 0.02732 | 0.06030 | 
 0.450 |  0.00000 | 0.00001 | 0.00002 | 0.00009 | 0.00028 | 0.00083 | 0.00228 | 0.00587 | 0.01426 | 0.03293 | 0.07267 | 
 0.500 |  0.00000 | 0.00001 | 0.00003 | 0.00010 | 0.00034 | 0.00099 | 0.00273 | 0.00702 | 0.01705 | 0.03936 | 0.08687 | 
 0.550 |  0.00000 | 0.00001 | 0.00003 | 0.00012 | 0.00040 | 0.00118 | 0.00323 | 0.00831 | 0.02020 | 0.04663 | 0.10291 | 
 0.600 |  0.00000 | 0.00001 | 0.00004 | 0.00014 | 0.00047 | 0.00138 | 0.00379 | 0.00975 | 0.02369 | 0.05470 | 0.12072 | 
 0.650 |  0.00000 | 0.00001 | 0.00005 | 0.00017 | 0.00054 | 0.00160 | 0.00440 | 0.01132 | 0.02749 | 0.06348 | 0.14010 | 
 0.700 |  0.00000 | 0.00001 | 0.00005 | 0.00019 | 0.00062 | 0.00184 | 0.00505 | 0.01299 | 0.03155 | 0.07285 | 0.16076 | 
 0.750 |  0.00000 | 0.00002 | 0.00006 | 0.00022 | 0.00070 | 0.00208 | 0.00572 | 0.01472 | 0.03577 | 0.08260 | 0.18229 | 
 0.800 |  0.00000 | 0.00002 | 0.00007 | 0.00024 | 0.00079 | 0.00233 | 0.00641 | 0.01649 | 0.04006 | 0.09250 | 0.20414 | 
-----------------------------------------------------------------------------------------------------------------------
 HORIZONTAL_STABILIZER  ( t/c: 0.110 )
  CL   |  M=0.450 | M=0.500 | M=0.550 | M=0.600 | M=0.650 | M=0.700 | M=0.750 | M=0.800 | M=0.850 | M=0.900 | M=0.950 | 
 0.300 |  0.00000 | 0.00000 | 0.00000 | 0.00000 | 0.00001 | 0.00003 | 0.00008 | 0.00021 | 0.00052 | 0.00120 | 0.00264 | 
 0.350 |  0.00000 | 0.00000 | 0.00000 | 0.00000 | 0.00001 | 0.00003 | 0.00008 | 0.00021 | 0.00052 | 0.00120 | 0.00264 | 
 0.400 |  0.00000 | 0.00000 | 0.00000 | 0.00000 | 0.00001 | 0.00003 | 0.00008 | 0.00021 | 0.00052 | 0.00120 | 0.00264 | 
 0.450 |  0.00000 | 0.00000 | 0.00000 | 0.00000 | 0.00001 | 0.00003 | 0.00008 | 0.00021 | 0.00052 | 0.00120 | 0.00264 | 
 0.500 |  0.00000 | 0.00000 | 0.00000 | 0.00000 | 0.00001 | 0.00003 | 0.00008 | 0.00021 | 0.00052 | 0.00120 | 0.00264 | 
 0.550 |  0.00000 | 0.00000 | 0.00000 | 0.00000 | 0.00001 | 0.00003 | 0.00008 | 0.00021 | 0.00052 | 0.00120 | 0.00264 | 
 0.600 |  0.00000 | 0.00000 | 0.00000 | 0.00000 | 0.00001 | 0.00003 | 0.00008 | 0.00021 | 0.00052 | 0.00120 | 0.00264 | 
 0.650 |  0.00000 | 0.00000 | 0.00000 | 0.00000 | 0.00001 | 0.00003 | 0.00008 | 0.00021 | 0.00052 | 0.00120 | 0.00264 | 
 0.700 |  0.00000 | 0.00000 | 0.00000 | 0.00000 | 0.00001 | 0.00003 | 0.00008 | 0.00021 | 0.00052 | 0.00120 | 0.00264 | 
 0.750 |  0.00000 | 0.00000 | 0.00000 | 0.00000 | 0.00001 | 0.00003 | 0.00008 | 0.00021 | 0.00052 | 0.00120 | 0.00264 | 
 0.800 |  0.00000 | 0.00000 | 0.00000 | 0.00000 | 0.00001 | 0.00003 | 0.00008 | 0.00021 | 0.00052 | 0.00120 | 0.00264 | 
-----------------------------------------------------------------------------------------------------------------------
 MAIN_WING  ( t/c: 0.119 )
  CL   |  M=0.450 | M=0.500 | M=0.550 | M=0.600 | M=0.650 | M=0.700 | M=0.750 | M=0.800 | M=0.850 | M=0.900 | M=0.950 | 
 0.300 |  0.00000 | 0.00000 | 0.00001 | 0.00004 | 0.00014 | 0.00042 | 0.00115 | 0.00296 | 0.00719 | 0.01660 | 0.03664 | 
 0.350 |  0.00000 | 0.00000 | 0.00002 | 0.00005 | 0.00018 | 0.00052 | 0.00143 | 0.00368 | 0.00895 | 0.02066 | 0.04560 | 
 0.400 |  0.00000 | 0.00000 | 0.00002 | 0.00007 | 0.00022 | 0.00064 | 0.00176 | 0.00454 | 0.01103 | 0.02546 | 0.05620 | 
 0.450 |  0.00000 | 0.00001 | 0.00002 | 0.00008 | 0.00026 | 0.00078 | 0.00215 | 0.00554 | 0.01345 | 0.03107 | 0.06856 | 
 0.500 |  0.00000 | 0.00001 | 0.00003 | 0.00010 | 0.00032 | 0.00095 | 0.00260 | 0.00669 | 0.01624 | 0.03750 | 0.08277 | 
 0.550 |  0.00000 | 0.00001 | 0.00003 | 0.00012 | 0.00038 | 0.00113 | 0.00310 | 0.00798 | 0.01939 | 0.04477 | 0.09881 | 
 0.600 |  0.00000 | 0.00001 | 0.00004 | 0.00014 | 0.00045 | 0.00133 | 0.00366 | 0.00942 | 0.02288 | 0.05284 | 0.11662 | 
 0.650 |  0.00000 | 0.00001 | 0.00005 | 0.00016 | 0.00053 | 0.00156 | 0.00427 | 0.01099 | 0.02669 | 0.06162 | 0.13600 | 
 0.700 |  0.00000 | 0.00001 | 0.00005 | 0.00019 | 0.00061 | 0.00179 | 0.00492 | 0.01265 | 0.03074 | 0.07099 | 0.15666 | 
 0.750 |  0.00000 | 0.00001 | 0.00006 | 0.00021 | 0.00069 | 0.00204 | 0.00559 | 0.01439 | 0.03497 | 0.08074 | 0.17818 | 
 0.800 |  0.00000 | 0.00002 | 0.00007 | 0.00024 | 0.00077 | 0.00229 | 0.00628 | 0.01616 | 0.03925 | 0.09064 | 0.20004 | 
-----------------------------------------------------------------------------------------------------------------------
 VERTICAL_STABILIZER  ( t/c: 0.120 )
  CL   |  M=0.450 | M=0.500 | M=0.550 | M=0.600 | M=0.650 | M=0.700 | M=0.750 | M=0.800 | M=0.850 | M=0.900 | M=0.950 | 
 0.300 |  0.00000 | 0.00000 | 0.00000 | 0.00000 | 0.00001 | 0.00002 | 0.00005 | 0.00012 | 0.00029 | 0.00066 | 0.00146 | 
 0.350 |  0.00000 | 0.00000 | 0.00000 | 0.00000 | 0.00001 | 0.00002 | 0.00005 | 0.00012 | 0.00029 | 0.00066 | 0.00146 | 
 0.400 |  0.00000 | 0.00000 | 0.00000 | 0.00000 | 0.00001 | 0.00002 | 0.00005 | 0.00012 | 0.00029 | 0.00066 | 0.00146 | 
 0.450 |  0.00000 | 0.00000 | 0.00000 | 0.00000 | 0.00001 | 0.00002 | 0.00005 | 0.00012 | 0.00029 | 0.00066 | 0.00146 | 
 0.500 |  0.00000 | 0.00000 | 0.00000 | 0.00000 | 0.00001 | 0.00002 | 0.00005 | 0.00012 | 0.00029 | 0.00066 | 0.00146 | 
 0.550 |  0.00000 | 0.00000 | 0.00000 | 0.00000 | 0.00001 | 0.00002 | 0.00005 | 0.00012 | 0.00029 | 0.00066 | 0.00146 | 
 0.600 |  0.00000 | 0.00000 | 0.00000 | 0.00000 | 0.00001 | 0.00002 | 0.00005 | 0.00012 | 0.00029 | 0.00066 | 0.00146 | 
 0.650 |  0.00000 | 0.00000 | 0.00000 | 0.00000 | 0.00001 | 0.00002 | 0.00005 | 0.00012 | 0.00029 | 0.00066 | 0.00146 | 
 0.700 |  0.00000 | 0.00000 | 0.00000 | 0.00000 | 0.00001 | 0.00002 | 0.00005 | 0.00012 | 0.00029 | 0.00066 | 0.00146 | 
 0.750 |  0.00000 | 0.00000 | 0.00000 | 0.00000 | 0.00001 | 0.00002 | 0.00005 | 0.00012 | 0.00029 | 0.00066 | 0.00146 | 
 0.800 |  0.00000 | 0.00000 | 0.00000 | 0.00000 | 0.00001 | 0.00002 | 0.00005 | 0.00012 | 0.00029 | 0.00066 | 0.00146 | 
-----------------------------------------------------------------------------------------------------------------------

 Sunday, 23. September 2018 03:56:15 AM