 Pareto results 
Pareto Frontier. Run number: 0 
[1990.00004273] 
[[0.04590699]] 
[[1385.5304976]] 
23505.111796116755 
[ 9.99995727e-03  4.27329342e-08  3.49038182e-02  2.54427611e-02
  5.46950240e-02  4.00000000e-01  0.00000000e+00  1.21475856e-02
  6.50698997e-03  1.86483373e-01 -2.41242605e-06  1.18572233e+00] 
[6.39718107e-01 1.40000000e-01 1.50860584e-01 3.39814311e-02
 3.31301742e-01 9.31274163e-17 1.00000000e+00] 

 
Pareto Frontier. Run number: 1 
[1990.00010876] 
[[0.04590522]] 
[[1385.53987985]] 
23504.793716197848 
[ 9.99989124e-03  1.08764931e-07  3.49146965e-02  2.54379180e-02
  5.46012015e-02  4.00000000e-01  0.00000000e+00  1.21475856e-02
  6.50522008e-03  1.86340501e-01 -3.79888046e-06  1.18534945e+00] 
[0.6396974  0.13999287 0.15086404 0.03389166 0.33130174 0.
 0.75      ] 

 
Pareto Frontier. Run number: 2 
[1990.00009218] 
[[0.04590522]] 
[[1385.5399293]] 
23504.793369672625 
[ 9.99990782e-03  9.21801620e-08  3.49147040e-02  2.54379230e-02
  5.46007070e-02  4.00000000e-01  5.68434189e-14  1.21475856e-02
  6.50521948e-03  1.86340120e-01 -3.79977346e-06  1.18534934e+00] 
[6.39697360e-01 1.39992872e-01 1.50864057e-01 3.38916569e-02
 3.31301742e-01 6.50521303e-18 5.00000000e-01] 

 
Pareto Frontier. Run number: 3 
[1990.0001035] 
[[0.04590518]] 
[[1385.54009198]] 
23504.786600383624 
[ 9.99989650e-03  1.03496606e-07  3.49149308e-02  2.54378214e-02
  5.45990802e-02  4.00000000e-01  7.38964445e-13  1.21475856e-02
  6.50518404e-03  1.86337319e-01 -3.75724228e-06  1.18534182e+00] 
[6.39696932e-01 1.39992724e-01 1.50864129e-01 3.38892768e-02
 3.31301742e-01 1.12757026e-17 2.50000000e-01] 

 
Pareto Frontier. Run number: 4 
[1990.00008606] 
[[0.04590521]] 
[[1385.5400189]] 
23504.78977508814 
[ 9.99991394e-03  8.60647506e-08  3.49148086e-02  2.54378895e-02
  5.45998110e-02  4.00000000e-01  6.13908924e-12  1.21475856e-02
  6.50520686e-03  1.86338665e-01 -3.77119721e-06  1.18534657e+00] 
[0.63969713 0.13999281 0.15086411 0.03388968 0.33130174 0.
 0.        ] 

 
Total run time: 15231.1560001