Output file with compressibility drag breakdown

  VEHICLE TAG : cruise

  REFERENCE AREA ................  61.3 m2 
  MAIN WING SWEEP ...............   3.0 deg
  MAIN WING THICKNESS RATIO .....  0.16    
 
 TOTAL COMPRESSIBILITY DRAG 
  CL   |  M=0.450 | M=0.500 | M=0.550 | M=0.600 | M=0.650 | M=0.700 | M=0.750 | M=0.800 | M=0.850 | M=0.900 | M=0.950 | 
 0.300 |  0.00000 | 0.00002 | 0.00008 | 0.00030 | 0.00097 | 0.00286 | 0.00784 | 0.02018 | 0.04902 | 0.11320 | 0.24982 | 
 0.350 |  0.00001 | 0.00002 | 0.00010 | 0.00035 | 0.00114 | 0.00337 | 0.00925 | 0.02381 | 0.05783 | 0.13354 | 0.29472 | 
 0.400 |  0.00001 | 0.00003 | 0.00012 | 0.00041 | 0.00134 | 0.00396 | 0.01088 | 0.02799 | 0.06800 | 0.15702 | 0.34654 | 
 0.450 |  0.00001 | 0.00003 | 0.00014 | 0.00049 | 0.00157 | 0.00464 | 0.01274 | 0.03277 | 0.07961 | 0.18383 | 0.40570 | 
 0.500 |  0.00001 | 0.00004 | 0.00016 | 0.00057 | 0.00183 | 0.00540 | 0.01484 | 0.03817 | 0.09272 | 0.21409 | 0.47248 | 
 0.550 |  0.00001 | 0.00005 | 0.00018 | 0.00065 | 0.00211 | 0.00625 | 0.01717 | 0.04418 | 0.10733 | 0.24784 | 0.54696 | 
 0.600 |  0.00001 | 0.00005 | 0.00021 | 0.00075 | 0.00243 | 0.00719 | 0.01975 | 0.05081 | 0.12342 | 0.28500 | 0.62897 | 
 0.650 |  0.00001 | 0.00006 | 0.00024 | 0.00086 | 0.00277 | 0.00821 | 0.02255 | 0.05800 | 0.14090 | 0.32535 | 0.71803 | 
 0.700 |  0.00001 | 0.00007 | 0.00027 | 0.00097 | 0.00314 | 0.00930 | 0.02554 | 0.06570 | 0.15960 | 0.36854 | 0.81334 | 
 0.750 |  0.00002 | 0.00008 | 0.00031 | 0.00109 | 0.00353 | 0.01045 | 0.02869 | 0.07381 | 0.17931 | 0.41404 | 0.91374 | 
 0.800 |  0.00002 | 0.00008 | 0.00034 | 0.00122 | 0.00393 | 0.01164 | 0.03196 | 0.08221 | 0.19971 | 0.46114 | 1.01770 | 
-----------------------------------------------------------------------------------------------------------------------
 HORIZONTAL_STABILIZER  ( t/c: 0.120 )
  CL   |  M=0.450 | M=0.500 | M=0.550 | M=0.600 | M=0.650 | M=0.700 | M=0.750 | M=0.800 | M=0.850 | M=0.900 | M=0.950 | 
 0.300 |  0.00000 | 0.00000 | 0.00001 | 0.00003 | 0.00011 | 0.00031 | 0.00086 | 0.00222 | 0.00540 | 0.01247 | 0.02751 | 
 0.350 |  0.00000 | 0.00000 | 0.00001 | 0.00003 | 0.00011 | 0.00031 | 0.00086 | 0.00222 | 0.00540 | 0.01247 | 0.02751 | 
 0.400 |  0.00000 | 0.00000 | 0.00001 | 0.00003 | 0.00011 | 0.00031 | 0.00086 | 0.00222 | 0.00540 | 0.01247 | 0.02751 | 
 0.450 |  0.00000 | 0.00000 | 0.00001 | 0.00003 | 0.00011 | 0.00031 | 0.00086 | 0.00222 | 0.00540 | 0.01247 | 0.02751 | 
 0.500 |  0.00000 | 0.00000 | 0.00001 | 0.00003 | 0.00011 | 0.00031 | 0.00086 | 0.00222 | 0.00540 | 0.01247 | 0.02751 | 
 0.550 |  0.00000 | 0.00000 | 0.00001 | 0.00003 | 0.00011 | 0.00031 | 0.00086 | 0.00222 | 0.00540 | 0.01247 | 0.02751 | 
 0.600 |  0.00000 | 0.00000 | 0.00001 | 0.00003 | 0.00011 | 0.00031 | 0.00086 | 0.00222 | 0.00540 | 0.01247 | 0.02751 | 
 0.650 |  0.00000 | 0.00000 | 0.00001 | 0.00003 | 0.00011 | 0.00031 | 0.00086 | 0.00222 | 0.00540 | 0.01247 | 0.02751 | 
 0.700 |  0.00000 | 0.00000 | 0.00001 | 0.00003 | 0.00011 | 0.00031 | 0.00086 | 0.00222 | 0.00540 | 0.01247 | 0.02751 | 
 0.750 |  0.00000 | 0.00000 | 0.00001 | 0.00003 | 0.00011 | 0.00031 | 0.00086 | 0.00222 | 0.00540 | 0.01247 | 0.02751 | 
 0.800 |  0.00000 | 0.00000 | 0.00001 | 0.00003 | 0.00011 | 0.00031 | 0.00086 | 0.00222 | 0.00540 | 0.01247 | 0.02751 | 
-----------------------------------------------------------------------------------------------------------------------
 MAIN_WING  ( t/c: 0.159 )
  CL   |  M=0.450 | M=0.500 | M=0.550 | M=0.600 | M=0.650 | M=0.700 | M=0.750 | M=0.800 | M=0.850 | M=0.900 | M=0.950 | 
 0.300 |  0.00000 | 0.00002 | 0.00007 | 0.00026 | 0.00085 | 0.00250 | 0.00688 | 0.01769 | 0.04297 | 0.09922 | 0.21898 | 
 0.350 |  0.00000 | 0.00002 | 0.00009 | 0.00032 | 0.00102 | 0.00302 | 0.00829 | 0.02132 | 0.05178 | 0.11957 | 0.26388 | 
 0.400 |  0.00001 | 0.00003 | 0.00011 | 0.00038 | 0.00122 | 0.00361 | 0.00991 | 0.02550 | 0.06195 | 0.14305 | 0.31569 | 
 0.450 |  0.00001 | 0.00003 | 0.00013 | 0.00045 | 0.00145 | 0.00429 | 0.01177 | 0.03028 | 0.07356 | 0.16985 | 0.37486 | 
 0.500 |  0.00001 | 0.00004 | 0.00015 | 0.00053 | 0.00171 | 0.00505 | 0.01387 | 0.03567 | 0.08666 | 0.20012 | 0.44164 | 
 0.550 |  0.00001 | 0.00004 | 0.00017 | 0.00062 | 0.00199 | 0.00590 | 0.01621 | 0.04169 | 0.10128 | 0.23386 | 0.51612 | 
 0.600 |  0.00001 | 0.00005 | 0.00020 | 0.00072 | 0.00231 | 0.00684 | 0.01878 | 0.04832 | 0.11737 | 0.27102 | 0.59813 | 
 0.650 |  0.00001 | 0.00006 | 0.00023 | 0.00082 | 0.00266 | 0.00786 | 0.02158 | 0.05551 | 0.13485 | 0.31138 | 0.68719 | 
 0.700 |  0.00001 | 0.00006 | 0.00026 | 0.00094 | 0.00302 | 0.00895 | 0.02457 | 0.06321 | 0.15355 | 0.35457 | 0.78250 | 
 0.750 |  0.00002 | 0.00007 | 0.00030 | 0.00106 | 0.00341 | 0.01010 | 0.02772 | 0.07132 | 0.17325 | 0.40006 | 0.88290 | 
 0.800 |  0.00002 | 0.00008 | 0.00033 | 0.00118 | 0.00381 | 0.01128 | 0.03099 | 0.07972 | 0.19365 | 0.44716 | 0.98686 | 
-----------------------------------------------------------------------------------------------------------------------
 VERTICAL_STABILIZER  ( t/c: 0.120 )
  CL   |  M=0.450 | M=0.500 | M=0.550 | M=0.600 | M=0.650 | M=0.700 | M=0.750 | M=0.800 | M=0.850 | M=0.900 | M=0.950 | 
 0.300 |  0.00000 | 0.00000 | 0.00000 | 0.00000 | 0.00001 | 0.00004 | 0.00010 | 0.00027 | 0.00065 | 0.00151 | 0.00333 | 
 0.350 |  0.00000 | 0.00000 | 0.00000 | 0.00000 | 0.00001 | 0.00004 | 0.00010 | 0.00027 | 0.00065 | 0.00151 | 0.00333 | 
 0.400 |  0.00000 | 0.00000 | 0.00000 | 0.00000 | 0.00001 | 0.00004 | 0.00010 | 0.00027 | 0.00065 | 0.00151 | 0.00333 | 
 0.450 |  0.00000 | 0.00000 | 0.00000 | 0.00000 | 0.00001 | 0.00004 | 0.00010 | 0.00027 | 0.00065 | 0.00151 | 0.00333 | 
 0.500 |  0.00000 | 0.00000 | 0.00000 | 0.00000 | 0.00001 | 0.00004 | 0.00010 | 0.00027 | 0.00065 | 0.00151 | 0.00333 | 
 0.550 |  0.00000 | 0.00000 | 0.00000 | 0.00000 | 0.00001 | 0.00004 | 0.00010 | 0.00027 | 0.00065 | 0.00151 | 0.00333 | 
 0.600 |  0.00000 | 0.00000 | 0.00000 | 0.00000 | 0.00001 | 0.00004 | 0.00010 | 0.00027 | 0.00065 | 0.00151 | 0.00333 | 
 0.650 |  0.00000 | 0.00000 | 0.00000 | 0.00000 | 0.00001 | 0.00004 | 0.00010 | 0.00027 | 0.00065 | 0.00151 | 0.00333 | 
 0.700 |  0.00000 | 0.00000 | 0.00000 | 0.00000 | 0.00001 | 0.00004 | 0.00010 | 0.00027 | 0.00065 | 0.00151 | 0.00333 | 
 0.750 |  0.00000 | 0.00000 | 0.00000 | 0.00000 | 0.00001 | 0.00004 | 0.00010 | 0.00027 | 0.00065 | 0.00151 | 0.00333 | 
 0.800 |  0.00000 | 0.00000 | 0.00000 | 0.00000 | 0.00001 | 0.00004 | 0.00010 | 0.00027 | 0.00065 | 0.00151 | 0.00333 | 
-----------------------------------------------------------------------------------------------------------------------

 Thursday, 27. September 2018 04:01:30 PM