Output file with compressibility drag breakdown

  VEHICLE TAG : cruise

  REFERENCE AREA ................  65.4 m2 
  MAIN WING SWEEP ...............   3.0 deg
  MAIN WING THICKNESS RATIO .....  0.17    
 
 TOTAL COMPRESSIBILITY DRAG 
  CL   |  M=0.450 | M=0.500 | M=0.550 | M=0.600 | M=0.650 | M=0.700 | M=0.750 | M=0.800 | M=0.850 | M=0.900 | M=0.950 | 
 0.300 |  0.00000 | 0.00002 | 0.00009 | 0.00033 | 0.00108 | 0.00319 | 0.00877 | 0.02256 | 0.05481 | 0.12656 | 0.27932 | 
 0.350 |  0.00001 | 0.00003 | 0.00011 | 0.00039 | 0.00127 | 0.00377 | 0.01035 | 0.02664 | 0.06471 | 0.14942 | 0.32976 | 
 0.400 |  0.00001 | 0.00003 | 0.00013 | 0.00046 | 0.00150 | 0.00443 | 0.01218 | 0.03133 | 0.07610 | 0.17572 | 0.38780 | 
 0.450 |  0.00001 | 0.00004 | 0.00015 | 0.00054 | 0.00175 | 0.00519 | 0.01425 | 0.03666 | 0.08906 | 0.20566 | 0.45387 | 
 0.500 |  0.00001 | 0.00004 | 0.00018 | 0.00063 | 0.00204 | 0.00604 | 0.01659 | 0.04267 | 0.10365 | 0.23934 | 0.52820 | 
 0.550 |  0.00001 | 0.00005 | 0.00020 | 0.00073 | 0.00236 | 0.00698 | 0.01918 | 0.04934 | 0.11986 | 0.27676 | 0.61080 | 
 0.600 |  0.00001 | 0.00006 | 0.00023 | 0.00084 | 0.00271 | 0.00802 | 0.02202 | 0.05666 | 0.13763 | 0.31781 | 0.70138 | 
 0.650 |  0.00001 | 0.00007 | 0.00027 | 0.00096 | 0.00309 | 0.00914 | 0.02510 | 0.06457 | 0.15686 | 0.36220 | 0.79934 | 
 0.700 |  0.00002 | 0.00007 | 0.00030 | 0.00108 | 0.00349 | 0.01033 | 0.02837 | 0.07300 | 0.17733 | 0.40947 | 0.90367 | 
 0.750 |  0.00002 | 0.00008 | 0.00034 | 0.00121 | 0.00391 | 0.01158 | 0.03181 | 0.08183 | 0.19878 | 0.45901 | 1.01301 | 
 0.800 |  0.00002 | 0.00009 | 0.00038 | 0.00135 | 0.00435 | 0.01287 | 0.03534 | 0.09092 | 0.22087 | 0.51001 | 1.12556 | 
-----------------------------------------------------------------------------------------------------------------------
 HORIZONTAL_STABILIZER  ( t/c: 0.120 )
  CL   |  M=0.450 | M=0.500 | M=0.550 | M=0.600 | M=0.650 | M=0.700 | M=0.750 | M=0.800 | M=0.850 | M=0.900 | M=0.950 | 
 0.300 |  0.00000 | 0.00000 | 0.00001 | 0.00003 | 0.00011 | 0.00031 | 0.00086 | 0.00222 | 0.00540 | 0.01247 | 0.02751 | 
 0.350 |  0.00000 | 0.00000 | 0.00001 | 0.00003 | 0.00011 | 0.00031 | 0.00086 | 0.00222 | 0.00540 | 0.01247 | 0.02751 | 
 0.400 |  0.00000 | 0.00000 | 0.00001 | 0.00003 | 0.00011 | 0.00031 | 0.00086 | 0.00222 | 0.00540 | 0.01247 | 0.02751 | 
 0.450 |  0.00000 | 0.00000 | 0.00001 | 0.00003 | 0.00011 | 0.00031 | 0.00086 | 0.00222 | 0.00540 | 0.01247 | 0.02751 | 
 0.500 |  0.00000 | 0.00000 | 0.00001 | 0.00003 | 0.00011 | 0.00031 | 0.00086 | 0.00222 | 0.00540 | 0.01247 | 0.02751 | 
 0.550 |  0.00000 | 0.00000 | 0.00001 | 0.00003 | 0.00011 | 0.00031 | 0.00086 | 0.00222 | 0.00540 | 0.01247 | 0.02751 | 
 0.600 |  0.00000 | 0.00000 | 0.00001 | 0.00003 | 0.00011 | 0.00031 | 0.00086 | 0.00222 | 0.00540 | 0.01247 | 0.02751 | 
 0.650 |  0.00000 | 0.00000 | 0.00001 | 0.00003 | 0.00011 | 0.00031 | 0.00086 | 0.00222 | 0.00540 | 0.01247 | 0.02751 | 
 0.700 |  0.00000 | 0.00000 | 0.00001 | 0.00003 | 0.00011 | 0.00031 | 0.00086 | 0.00222 | 0.00540 | 0.01247 | 0.02751 | 
 0.750 |  0.00000 | 0.00000 | 0.00001 | 0.00003 | 0.00011 | 0.00031 | 0.00086 | 0.00222 | 0.00540 | 0.01247 | 0.02751 | 
 0.800 |  0.00000 | 0.00000 | 0.00001 | 0.00003 | 0.00011 | 0.00031 | 0.00086 | 0.00222 | 0.00540 | 0.01247 | 0.02751 | 
-----------------------------------------------------------------------------------------------------------------------
 MAIN_WING  ( t/c: 0.165 )
  CL   |  M=0.450 | M=0.500 | M=0.550 | M=0.600 | M=0.650 | M=0.700 | M=0.750 | M=0.800 | M=0.850 | M=0.900 | M=0.950 | 
 0.300 |  0.00000 | 0.00002 | 0.00008 | 0.00030 | 0.00096 | 0.00284 | 0.00780 | 0.02007 | 0.04876 | 0.11259 | 0.24848 | 
 0.350 |  0.00001 | 0.00002 | 0.00010 | 0.00036 | 0.00115 | 0.00342 | 0.00939 | 0.02415 | 0.05866 | 0.13544 | 0.29891 | 
 0.400 |  0.00001 | 0.00003 | 0.00012 | 0.00043 | 0.00138 | 0.00408 | 0.01121 | 0.02883 | 0.07005 | 0.16175 | 0.35696 | 
 0.450 |  0.00001 | 0.00004 | 0.00014 | 0.00051 | 0.00163 | 0.00484 | 0.01328 | 0.03417 | 0.08301 | 0.19168 | 0.42303 | 
 0.500 |  0.00001 | 0.00004 | 0.00017 | 0.00060 | 0.00192 | 0.00569 | 0.01562 | 0.04018 | 0.09760 | 0.22536 | 0.49736 | 
 0.550 |  0.00001 | 0.00005 | 0.00019 | 0.00069 | 0.00224 | 0.00663 | 0.01821 | 0.04685 | 0.11381 | 0.26279 | 0.57996 | 
 0.600 |  0.00001 | 0.00006 | 0.00022 | 0.00080 | 0.00259 | 0.00767 | 0.02105 | 0.05416 | 0.13158 | 0.30384 | 0.67054 | 
 0.650 |  0.00001 | 0.00006 | 0.00026 | 0.00092 | 0.00297 | 0.00879 | 0.02413 | 0.06208 | 0.15080 | 0.34822 | 0.76850 | 
 0.700 |  0.00002 | 0.00007 | 0.00029 | 0.00104 | 0.00337 | 0.00998 | 0.02741 | 0.07050 | 0.17128 | 0.39550 | 0.87283 | 
 0.750 |  0.00002 | 0.00008 | 0.00033 | 0.00118 | 0.00379 | 0.01123 | 0.03084 | 0.07934 | 0.19273 | 0.44504 | 0.98216 | 
 0.800 |  0.00002 | 0.00009 | 0.00037 | 0.00131 | 0.00423 | 0.01252 | 0.03437 | 0.08843 | 0.21482 | 0.49604 | 1.09471 | 
-----------------------------------------------------------------------------------------------------------------------
 VERTICAL_STABILIZER  ( t/c: 0.120 )
  CL   |  M=0.450 | M=0.500 | M=0.550 | M=0.600 | M=0.650 | M=0.700 | M=0.750 | M=0.800 | M=0.850 | M=0.900 | M=0.950 | 
 0.300 |  0.00000 | 0.00000 | 0.00000 | 0.00000 | 0.00001 | 0.00004 | 0.00010 | 0.00027 | 0.00065 | 0.00151 | 0.00333 | 
 0.350 |  0.00000 | 0.00000 | 0.00000 | 0.00000 | 0.00001 | 0.00004 | 0.00010 | 0.00027 | 0.00065 | 0.00151 | 0.00333 | 
 0.400 |  0.00000 | 0.00000 | 0.00000 | 0.00000 | 0.00001 | 0.00004 | 0.00010 | 0.00027 | 0.00065 | 0.00151 | 0.00333 | 
 0.450 |  0.00000 | 0.00000 | 0.00000 | 0.00000 | 0.00001 | 0.00004 | 0.00010 | 0.00027 | 0.00065 | 0.00151 | 0.00333 | 
 0.500 |  0.00000 | 0.00000 | 0.00000 | 0.00000 | 0.00001 | 0.00004 | 0.00010 | 0.00027 | 0.00065 | 0.00151 | 0.00333 | 
 0.550 |  0.00000 | 0.00000 | 0.00000 | 0.00000 | 0.00001 | 0.00004 | 0.00010 | 0.00027 | 0.00065 | 0.00151 | 0.00333 | 
 0.600 |  0.00000 | 0.00000 | 0.00000 | 0.00000 | 0.00001 | 0.00004 | 0.00010 | 0.00027 | 0.00065 | 0.00151 | 0.00333 | 
 0.650 |  0.00000 | 0.00000 | 0.00000 | 0.00000 | 0.00001 | 0.00004 | 0.00010 | 0.00027 | 0.00065 | 0.00151 | 0.00333 | 
 0.700 |  0.00000 | 0.00000 | 0.00000 | 0.00000 | 0.00001 | 0.00004 | 0.00010 | 0.00027 | 0.00065 | 0.00151 | 0.00333 | 
 0.750 |  0.00000 | 0.00000 | 0.00000 | 0.00000 | 0.00001 | 0.00004 | 0.00010 | 0.00027 | 0.00065 | 0.00151 | 0.00333 | 
 0.800 |  0.00000 | 0.00000 | 0.00000 | 0.00000 | 0.00001 | 0.00004 | 0.00010 | 0.00027 | 0.00065 | 0.00151 | 0.00333 | 
-----------------------------------------------------------------------------------------------------------------------

 Thursday, 27. September 2018 01:54:36 PM