 Pareto results 
Pareto Frontier. Run number: 0 
[2013.55706682] 
[[0.04554431]] 
[[1373.2456003]] 
23437.6156813 
[ 7.41151648e-05 -6.55907449e-05  3.86423681e-02  1.47251396e-02
  1.77543997e-01  2.00000000e-02  5.68434189e-15  1.21475856e-02
  6.14431033e-03  2.54505750e-01  1.04440141e+01  1.11086663e+01] 
[1.06716075 1.12841113 1.08630839 1.00060894 1.01902677 0.99358111] 

 
Pareto Frontier. Run number: 1 
[2016.80223461] 
[[0.04533983]] 
[[1370.6796717]] 
23416.1744394 
[ 1.33316079e-05 -1.21010299e-04  3.97363232e-02  1.28706287e-02
  2.03203283e-01  2.00000000e-02  5.68434189e-15  1.21475856e-02
  5.93983045e-03  2.65161580e-01  1.16305593e+01  1.07047415e+01] 
[1.06922054 1.11794525 1.09197411 1.00060894 1.01809454 0.99334472] 

 
Pareto Frontier. Run number: 2 
[2019.95627225] 
[[0.04512613]] 
[[1368.59689299]] 
23394.962443 
[-1.30580904e-04 -2.00192084e-04  4.08429231e-02  1.10264942e-02
  2.24031070e-01  2.00000000e-02  5.68434189e-15  1.21475856e-02
  5.72613127e-03  2.73243890e-01  1.27843252e+01  1.02888764e+01] 
[1.07107176 1.10770582 1.0975044  1.00060894 1.01717228 0.99311029] 

 
Pareto Frontier. Run number: 3 
[2022.90857475] 
[[0.04489937]] 
[[1367.15437173]] 
23372.5401979 
[-3.53997475e-04 -5.13229252e-04  4.19920200e-02  9.23258486e-03
  2.38456283e-01  2.00000000e-02  5.68434189e-15  1.21475856e-02
  5.49936576e-03  2.77397048e-01  1.38696470e+01  9.85067550e+00] 
[1.07245942 1.0976455  1.10287487 1.00060894 1.0161974  0.99288713] 

 
Pareto Frontier. Run number: 4 
[2014.09660532] 
[[0.04013798]] 
[[1389.77550044]] 
22955.6482924 
[-1.98685464e-07 -2.19826028e-07  6.21723118e-02 -1.40915537e-08
  1.22449956e-02  2.00000000e-02 -1.13686838e-14  1.21475856e-02
  7.37984832e-04 -1.33049648e-06  5.30625585e+00  1.18460510e+00] 
[1.00417286 1.00273674 1.05952601 1.00060894 0.99807166 0.99158847] 

 
Total run time: 20000.2869999