 Pareto results 
Pareto Frontier. Run number: 0 
[2007.81154916] 
[[0.03981624]] 
[[1391.00228023]] 
23029.880482 
[-5.23701444e-05 -6.49907447e-05  6.11515988e-02  1.80246250e-03
 -2.28022504e-05  2.00000000e-02  4.49063009e-13  1.21475856e-02
  4.16241207e-04  6.51708812e-03  8.67146128e-04  5.84757753e-01] 
[1.00174705 1.00735851 1.00105741 1.00060894 1.00129915 0.99219311] 

 
Pareto Frontier. Run number: 1 
[2007.81211693] 
[[0.03981615]] 
[[1391.00155851]] 
23029.8797179 
[-5.23567176e-05 -6.49740619e-05  6.11518655e-02  1.80199875e-03
 -1.55850854e-05  2.00000000e-02  2.38173925e-12  1.21475856e-02
  4.16151701e-04  6.52090952e-03  8.66923866e-04  5.84607303e-01] 
[1.00174736 1.00735635 1.00105587 1.00060894 1.00129912 0.99219308] 

 
Pareto Frontier. Run number: 2 
[2007.81268479] 
[[0.03981606]] 
[[1391.00083672]] 
23029.8789536 
[-5.23432892e-05 -6.49573957e-05  6.11521322e-02  1.80153494e-03
 -8.36719175e-06  2.00000000e-02  1.94404493e-12  1.21475856e-02
  4.16062183e-04  6.52473130e-03  8.66701562e-04  5.84456834e-01] 
[1.00174767 1.00735418 1.00105433 1.00060894 1.00129908 0.99219305] 

 
Pareto Frontier. Run number: 3 
[2007.81325274] 
[[0.03981597]] 
[[1391.00011486]] 
23029.8781891 
[-5.23298589e-05 -6.49407372e-05  6.11523990e-02  1.80107107e-03
 -1.14855997e-06  2.00000000e-02  4.60431693e-13  1.21475856e-02
  4.15972652e-04  6.52855346e-03  8.66479224e-04  5.84306345e-01] 
[1.00174798 1.00735202 1.00105278 1.00060894 1.00129905 0.99219302] 

 
Pareto Frontier. Run number: 4 
[2007.81382074] 
[[0.03981588]] 
[[1390.99939292]] 
23029.8774246 
[-5.23164267e-05 -6.49240588e-05  6.11526658e-02  1.80060714e-03
  6.07082684e-06  2.00000000e-02  1.19371180e-12  1.21475856e-02
  4.15883109e-04  6.53237602e-03  8.66256866e-04  5.84155835e-01] 
[1.00174829 1.00734985 1.00105124 1.00060894 1.00129902 0.99219299] 

 
Total run time: 6673.27499986