 DoE results 
DoE - parameter study. Run number: 0 
[7059.62701336] 
[[0.03101746]] 
[[1584.12317085]] 
[2.05617659e+00 2.76260411e-02 9.99999994e-09 9.78768292e-01
 2.30797017e+00 4.00000000e-01 0.00000000e+00] 
[0.95, 1.0, 1.0, 1.0, 1.0, 1.0] 
[0.69084    0.86       0.3275     0.11       0.23       0.10911417] 

 
DoE - parameter study. Run number: 1 
[7131.72970399] 
[[0.0247561]] 
[[1508.4703869]] 
[1.98407390e+00 2.98193419e-02 9.99999994e-09 1.73529613e+00
 2.22573521e+00 1.77283255e-09 3.99999998e-01] 
[1.0, 0.95, 1.0, 1.0, 1.0, 1.0] 
[0.7272     0.817      0.3275     0.11       0.23       0.10836746] 

 
DoE - parameter study. Run number: 2 
[7065.08666742] 
[[0.03059518]] 
[[1521.20909282]] 
[2.05071694e+00 2.44774918e-02 9.99999994e-09 1.60790907e+00
 2.08771403e+00 2.45428655e-01 1.54571345e-01] 
[1.0, 1.0, 0.95, 1.0, 1.0, 1.0] 
[0.7272     0.86       0.311125   0.11       0.23       0.10894372] 

 
DoE - parameter study. Run number: 3 
[7029.11250428] 
[[0.03273149]] 
[[1565.57592976]] 
[2.08669110e+00 2.37180797e-02 9.99999994e-09 1.16424070e+00
 1.96191965e+00 2.68641367e-01 1.31358633e-01] 
[1.0, 1.0, 1.0, 0.95, 1.0, 1.0] 
[0.7272    0.86      0.3275    0.1045    0.23      0.1093314] 

 
DoE - parameter study. Run number: 4 
[7108.62815455] 
[[0.03019332]] 
[[1513.89736731]] 
[2.00717545e+00 2.48244167e-02 9.99999994e-09 1.68102633e+00
 2.10695494e+00 1.80804787e-01 2.19195213e-01] 
[1.0, 1.0, 1.0, 1.0, 0.95, 1.0] 
[0.7272     0.86       0.3275     0.11       0.2185     0.10840718] 

 
DoE - parameter study. Run number: 5 
[7087.82716804] 
[[0.03004267]] 
[[1467.41654837]] 
[2.02797644e+00 2.13671325e-02 9.99999994e-09 2.14583452e+00
 1.83735928e+00 0.00000000e+00 4.00000000e-01] 
[1.05, 1.0, 1.0, 1.0, 1.0, 1.0] 
[0.76356    0.86       0.3275     0.11       0.23       0.10860096] 

 
DoE - parameter study. Run number: 6 
[7012.96007898] 
[[0.03546902]] 
[[1536.79843939]] 
[2.10284353e+00 1.92703410e-02 9.99999994e-09 1.45201561e+00
 1.91399088e+00 4.00000000e-01 0.00000000e+00] 
[1.0, 1.05, 1.0, 1.0, 1.0, 1.0] 
[0.7272     0.903      0.3275     0.11       0.23       0.10931897] 

 
DoE - parameter study. Run number: 7 
[7071.4099006] 
[[0.0304868]] 
[[1523.65690429]] 
[2.04439371e+00 2.45694636e-02 9.99999994e-09 1.58343096e+00
 2.05701990e+00 4.00000000e-01 0.00000000e+00] 
[1.0, 1.0, 1.05, 1.0, 1.0, 1.0] 
[0.7272     0.86       0.343875   0.11       0.23       0.10885202] 

 
DoE - parameter study. Run number: 8 
[7113.70879468] 
[[0.02836676]] 
[[1484.91377668]] 
[2.00209481e+00 2.53362647e-02 9.99999994e-09 1.97086223e+00
 2.17167264e+00 1.42441950e-01 2.57558050e-01] 
[1.0, 1.0, 1.0, 1.05, 1.0, 1.0] 
[0.7272     0.86       0.3275     0.1155     0.23       0.10835844] 

 
DoE - parameter study. Run number: 9 
[7030.48279363] 
[[0.0308958]] 
[[1531.58726091]] 
[2.08532081e+00 2.42181848e-02 9.99999994e-09 1.50412739e+00
 2.03476788e+00 2.58457967e-01 1.41542033e-01] 
[1.0, 1.0, 1.0, 1.0, 1.05, 1.0] 
[0.7272    0.86      0.3275    0.11      0.2415    0.1093307] 

 
