 Pareto results 
Pareto Frontier. Run number: 0 
[6846.01912437] 
[[0.04338882]] 
[[1520.00340476]] 
38241.4514661 
[-2.08129500e-04 -3.39821242e-04  1.35571506e-02  1.00000000e-05
 -3.40476163e-05  1.98573010e-02  1.42698986e-04  1.36406237e-01
  1.33888233e-02  3.54323040e-01  3.01973549e+00  3.32985142e+00] 
[1.06666667 0.98772852 0.80225932 0.89447945 0.98410747 1.02799601
 0.91219938] 

 
Pareto Frontier. Run number: 1 
[6846.20852004] 
[[0.0433811]] 
[[1519.96819191]] 
38240.4917373 
[-2.09419139e-04 -3.41663132e-04  1.35723238e-02  1.00000000e-05
  3.18080929e-04  1.98570029e-02  1.42997082e-04  1.36327524e-01
  1.33811009e-02  3.54327258e-01  3.01799409e+00  3.33174354e+00] 
[1.06660278 0.98764082 0.80228141 0.89430963 0.98410214 1.02797021
 0.91218889] 

 
Pareto Frontier. Run number: 2 
[6846.39779588] 
[[0.04337338]] 
[[1519.9329977]] 
38239.5321328 
[-2.10706951e-04 -3.43506602e-04  1.35874857e-02  1.00000000e-05
  6.70022955e-04  1.98566645e-02  1.43335483e-04  1.36248871e-01
  1.33733844e-02  3.54331339e-01  3.01625410e+00  3.33363445e+00] 
[1.06653881 0.98755331 0.80230369 0.89413994 0.98409681 1.02794441
 0.9121784 ] 

 
Pareto Frontier. Run number: 3 
[6846.58694284] 
[[0.04336567]] 
[[1519.89782333]] 
38238.5726268 
[-2.12000784e-04 -3.45339456e-04  1.36026364e-02  1.00000000e-05
  1.02176670e-03  1.98564435e-02  1.43556535e-04  1.36170282e-01
  1.33656740e-02  3.54335271e-01  3.01451527e+00  3.33552409e+00] 
[1.06647475 0.98746598 0.80232615 0.89397039 0.98409149 1.02791862
 0.91216791] 

 
Pareto Frontier. Run number: 4 
[6846.77597446] 
[[0.04335797]] 
[[1519.86266731]] 
38237.6132731 
[-2.13284920e-04 -3.47178134e-04  1.36177755e-02  1.00000000e-05
  1.37332690e-03  1.98560836e-02  1.43916376e-04  1.36091751e-01
  1.33579696e-02  3.54339076e-01  3.01277803e+00  3.33741257e+00] 
[1.06641061 0.98737884 0.8023488  0.89380097 0.98408617 1.02789283
 0.91215743] 

 
Total run time: 4144.5999999