iteration = 1 , objective = 0.100066107509, inputs = [0.75, 0.095, 0.13, 0.28, 0.1122, 1.0], constraints = [0.055372474338018944, 0.023129990162085386, 1.0000000000065512e-05, 0.8507199684299871, 1.9336805528722798, -11.331738393133946, 11.731738393134037, 0.11974641370424735, 0.006575047592376586, 0.6851744691887915, 1.6836715890599572, 0.5470000000000036]
iteration = 2 , objective = 0.100168271952, inputs = [0.75, 0.095, 0.13, 0.28, 0.1122, 1.0], constraints = [0.048220963360836325, 0.023133505753213116, 1.0000000000065512e-05, 0.7983925130261241, 1.9287521577069129, -13.455968812376113, 13.855968812376204, 0.08946923628290619, 0.006053551960440481, 0.6839230034730712, 1.6836715890599572, 0.547]
iteration = 3 , objective = 0.100169100654, inputs = [0.7500000149011612, 0.095, 0.13, 0.28, 0.1122, 1.0], constraints = [0.04816295425255157, 0.023133137027737893, 1.0000000000065512e-05, 0.7981421164046105, 1.9283962025083092, -13.459768347447607, 13.859768347447698, 0.08941491007528377, 0.00605221462643063, 0.6838328108351652, 1.6836719199751606, 0.547]
iteration = 4 , objective = 0.100169157518, inputs = [0.75, 0.0950000149011612, 0.13, 0.28, 0.1122, 1.0], constraints = [0.048158973732563025, 0.023133095108234976, 1.0000000000065512e-05, 0.7981233801593453, 1.9283700958105474, -13.460033036102004, 13.860033036102095, 0.0894111211233092, 0.006052133750330577, 0.68382594023632, 1.6836707182305872, 0.547]
iteration = 5 , objective = 0.100169166687, inputs = [0.75, 0.095, 0.1300000149011612, 0.28, 0.1122, 1.0], constraints = [0.0481583319158126, 0.0231331121114633, 1.0000000000065512e-05, 0.7981231066546434, 1.9283689489453608, -13.460068174750631, 13.860068174750722, 0.08941062775331368, 0.006052108345099706, 0.6838260059312415, 1.68367286181073, 0.547]
iteration = 6 , objective = 0.100169163874, inputs = [0.75, 0.095, 0.13, 0.2800000149011612, 0.1122, 1.0], constraints = [0.04815852881568571, 0.023133109030742158, 1.0000000000065512e-05, 0.7981222868332566, 1.9283685641525807, -13.460059301522506, 13.860059301522597, 0.08941074799316055, 0.006052111290753073, 0.6838255384496142, 1.6836715890599572, 0.547]
iteration = 7 , objective = 0.100169172558, inputs = [0.75, 0.095, 0.13, 0.28, 0.11220001490116119, 1.0], constraints = [0.04815792092296397, 0.02313311029400472, 1.0000000000065512e-05, 0.7981223931059662, 1.9283685955898473, -13.460211969316333, 13.860211969316424, 0.0894106978843027, 0.006052110735684929, 0.6838256056745422, 1.6836715890599572, 0.547]
iteration = 8 , objective = 0.100169164936, inputs = [0.75, 0.095, 0.13, 0.28, 0.1122, 1.0000000149011612], constraints = [0.048158453864452895, 0.023133109639281686, 1.0000000000065512e-05, 0.7981223947045737, 1.9283685978598004, -13.460062932529809, 13.8600629325299, 0.08941069824248835, 0.006052110744214405, 0.6838256062509549, 1.6836715890599572, 0.547]
iteration = 9 , objective = 0.100169164945, inputs = [0.75, 0.095, 0.13, 0.28, 0.1122, 1.0], constraints = [0.04815845387469744, 0.02313310963947111, 1.0000000000065512e-05, 0.7981223948199908, 1.928368598023706, -13.460062935754422, 13.860062935754513, 0.08941069819924223, 0.006052110744829968, 0.6838256062925757, 1.6836715890599572, 0.547]
iteration = 10 , objective = 0.100169165134, inputs = [0.7500000149011612, 0.095, 0.13, 0.28, 0.1122, 1.0], constraints = [0.04815844063527402, 0.023133108426961507, 1.0000000000065512e-05, 0.7981226121343843, 1.9283685072175976, -13.460063976971242, 13.860063976971333, 0.08941068314313191, 0.006052110563093835, 0.6838257781795142, 1.6836719199751606, 0.5469999999999964]
iteration = 11 , objective = 0.100169162174, inputs = [0.75, 0.0950000149011612, 0.13, 0.28, 0.1122, 1.0], constraints = [0.04815864783780126, 0.0231330930430756, 1.0000000000065512e-05, 0.7981219718354623, 1.9283680960474994, -13.460054379263283, 13.860054379263374, 0.089410815956985, 0.0060521262363503955, 0.6838254324371701, 1.6836707182305872, 0.5469999999999964]
iteration = 12 , objective = 0.100169167023, inputs = [0.75, 0.095, 0.1300000149011612, 0.28, 0.1122, 1.0], constraints = [0.048158308371195745, 0.02313311196236302, 1.0000000000065512e-05, 0.7981230049653959, 1.9283688045507188, -13.460069716276166, 13.860069716276257, 0.08941060570295037, 0.006052107802546176, 0.6838259692651582, 1.68367286181073, 0.5470000000000036]
iteration = 13 , objective = 0.1001691639, inputs = [0.75, 0.095, 0.13, 0.2800000149011612, 0.1122, 1.0], constraints = [0.04815852702852499, 0.023133109020083677, 1.0000000000065512e-05, 0.7981222794907012, 1.9283685537264392, -13.46005942072452, 13.86005942072461, 0.0894107462527753, 0.006052111251577626, 0.6838255358021093, 1.6836715890599572, 0.547]
iteration = 14 , objective = 0.10016917256, inputs = [0.75, 0.095, 0.13, 0.28, 0.11220001490116119, 1.0], constraints = [0.04815792078961749, 0.023133110293240562, 1.0000000000065512e-05, 0.7981223925757968, 1.9283685948370222, -13.460211979355563, 13.860211979355654, 0.0894106977416694, 0.006052110732856358, 0.68382560548338, 1.6836715890599572, 0.5469999999999964]
iteration = 15 , objective = 0.100169164936, inputs = [0.75, 0.095, 0.13, 0.28, 0.1122, 1.0000000149011612], constraints = [0.04815845388318121, 0.023133109639191574, 1.0000000000065512e-05, 0.798122394666284, 1.9283685978054455, -13.460062932209212, 13.860062932209303, 0.08941069825907952, 0.00605211074401002, 0.683825606237151, 1.6836715890599572, 0.5470000000000036]
iteration = 16 , objective = 0.100169164945, inputs = [0.75, 0.095, 0.13, 0.28, 0.1122, 1.0], constraints = [0.048158453863339674, 0.02313310963948025, 1.0000000000065512e-05, 0.7981223948172237, 1.9283685980197842, -13.460062935695305, 13.860062935695396, 0.08941069819723105, 0.00605211074481523, 0.6838256062915797, 1.6836715890599572, 0.547]
iteration = 17 , objective = 0.100169165134, inputs = [0.7500000149011612, 0.095, 0.13, 0.28, 0.1122, 1.0], constraints = [0.0481584406367765, 0.023133108426959325, 1.0000000000065512e-05, 0.7981226121341797, 1.9283685072173138, -13.460063976543324, 13.860063976543415, 0.08941068314821266, 0.006052110563092711, 0.6838257781794413, 1.6836719199751606, 0.5470000000000036]
iteration = 18 , objective = 0.100169162174, inputs = [0.75, 0.0950000149011612, 0.13, 0.28, 0.1122, 1.0], constraints = [0.0481586478283607, 0.023133093043087194, 1.0000000000065512e-05, 0.7981219718354441, 1.9283680960474776, -13.46005437867484, 13.860054378674931, 0.0894108159546537, 0.006052126236350312, 0.683825432437161, 1.6836707182305872, 0.5470000000000036]
iteration = 19 , objective = 0.100169167023, inputs = [0.75, 0.095, 0.1300000149011612, 0.28, 0.1122, 1.0], constraints = [0.048158308371195745, 0.02313311196236302, 1.0000000000065512e-05, 0.7981230049653959, 1.9283688045507188, -13.460069716276166, 13.860069716276257, 0.08941060570295037, 0.006052107802546176, 0.6838259692651582, 1.68367286181073, 0.5470000000000036]
iteration = 20 , objective = 0.1001691639, inputs = [0.75, 0.095, 0.13, 0.2800000149011612, 0.1122, 1.0], constraints = [0.04815852702852499, 0.023133109020083677, 1.0000000000065512e-05, 0.7981222794907012, 1.9283685537264392, -13.46005942072452, 13.86005942072461, 0.0894107462527753, 0.006052111251577626, 0.6838255358021093, 1.6836715890599572, 0.547]
iteration = 21 , objective = 0.10016917256, inputs = [0.75, 0.095, 0.13, 0.28, 0.11220001490116119, 1.0], constraints = [0.04815792078961749, 0.023133110293240562, 1.0000000000065512e-05, 0.7981223925757968, 1.9283685948370222, -13.460211979355563, 13.860211979355654, 0.0894106977416694, 0.006052110732856358, 0.68382560548338, 1.6836715890599572, 0.5469999999999964]
iteration = 22 , objective = 0.100169164936, inputs = [0.75, 0.095, 0.13, 0.28, 0.1122, 1.0000000149011612], constraints = [0.04815845388318121, 0.023133109639191574, 1.0000000000065512e-05, 0.798122394666284, 1.9283685978054455, -13.460062932209212, 13.860062932209303, 0.08941069825907952, 0.00605211074401002, 0.683825606237151, 1.6836715890599572, 0.5470000000000036]
iteration = 23 , objective = 0.101245234481, inputs = [0.674066641429178, 0.09799999858915356, 0.13208314696429568, 0.24012455696634194, 0.11048204660983743, 1.0], constraints = [-0.02716641367820921, 0.02879197895027702, 1.0000000000065512e-05, -0.10942262405299061, 2.469249074585281, 2.3094299803481135, -1.9094299803480226, 0.0664707932538409, 0.008492773071468326, -0.07482804972540634, 0.04415379597404717, 0.5469999999999964]
iteration = 24 , objective = 0.10035002783, inputs = [0.7171041538788232, 0.09629965925134865, 0.13090246083243312, 0.2627251623958457, 0.11145574831102154, 1.0], constraints = [0.03549805192317581, 0.02544077704932697, 1.0000000000065512e-05, 0.38957512111255255, 2.233556159939173, -6.654609499813432, 7.054609499813523, 0.07270669638085855, 0.006365988623774015, 0.39824652632655216, 0.9625004000812314, 0.547]
iteration = 25 , objective = 0.100405191397, inputs = [0.7335531533927095, 0.09564978709682487, 0.13045120088492146, 0.2713631464837599, 0.11182789850971592, 1.0], constraints = [0.03163660218198129, 0.02428312328154283, 1.0000000000065512e-05, 0.5631142189889192, 2.0988099415438484, -14.398555801874636, 14.798555801874727, 0.024636061705124845, 0.005773732498299267, 0.5497879793183483, 1.3210471656086538, 0.547]
iteration = 26 , objective = 0.100211818814, inputs = [0.7417779797095566, 0.09532483811773342, 0.13022556195235904, 0.2756823100165211, 0.11201398099731387, 1.0], constraints = [0.04517268298581985, 0.023673768406861643, 1.0000000000065512e-05, 0.7223783787099979, 2.000584989883864, -11.810626693143604, 12.210626693143695, 0.08711064239817183, 0.006363687594012478, 0.6144662530211462, 1.5018767332687948, 0.547]
iteration = 27 , objective = 0.100190579194, inputs = [0.7458892477627558, 0.09516240886935864, 0.13011277390076195, 0.27784129044537353, 0.11210699633369298, 1.0], constraints = [0.04665945644860403, 0.023400192865753143, 1.0000000000065512e-05, 0.7599598965197196, 1.9635961857653819, -12.636338569481495, 13.036338569481586, 0.08824251433124886, 0.006204401152789564, 0.6491721125008507, 1.592651750593919, 0.547]
iteration = 28 , objective = 0.100179493905, inputs = [0.7479447559966755, 0.09508119921502732, 0.1300563833259452, 0.2789207146013646, 0.11215350115588751, 1.0], constraints = [0.04743542667179645, 0.023266004960129174, 1.0000000000065512e-05, 0.7790898891396523, 1.9459322292095713, -13.046637917262615, 13.446637917262706, 0.08884817483756073, 0.006128021874711974, 0.6665492812586399, 1.6381326000827339, 0.5469999999999964]
iteration = 29 , objective = 0.100174206388, inputs = [0.7489724444606577, 0.09504059698169981, 0.13002818983965303, 0.27946039220252916, 0.11217675208161973, 1.0], constraints = [0.047805552810470546, 0.023199406484575615, 1.0000000000065512e-05, 0.7886272510973413, 1.9371498883150562, -13.252838905602403, 13.652838905602493, 0.08913666382469962, 0.006090052799249471, 0.6752034056151569, 1.6608955731035493, 0.547]
iteration = 30 , objective = 0.100171652805, inputs = [0.7494862573770589, 0.09502029710226204, 0.1300140939556152, 0.27973021455812536, 0.11218837683598665, 1.0], constraints = [0.04798430364013621, 0.02316622014989525, 1.0000000000065512e-05, 0.7933808879950084, 1.932759844663884, -13.356317890986475, 13.756317890986566, 0.08927562025861632, 0.006071081053608034, 0.679518870174361, 1.6722823623011591, 0.5469999999999964]
iteration = 31 , objective = 0.100170400459, inputs = [0.7497431487114583, 0.09501014776005895, 0.1300070464285009, 0.27986511779385065, 0.11219418887100185, 1.0], constraints = [0.048071967864794715, 0.02314965477229996, 1.0000000000065512e-05, 0.7957533068363591, 1.9305643426233292, -13.40815879699062, 13.80815879699071, 0.08934365602064993, 0.006061595555402796, 0.6816734393180809, 1.6779769202419883, 0.547]
iteration = 32 , objective = 0.100169780545, inputs = [0.7498715869614482, 0.09500507338199884, 0.13000352286842662, 0.27993256551665924, 0.11219709472069885, 1.0], constraints = [0.04811536183222052, 0.023141379194905054, 1.0000000000065512e-05, 0.7969383421693488, 1.929466442975372, -13.434104429430818, 13.834104429430909, 0.08937730429614774, 0.006056852810857993, 0.6827498884322358, 1.680824409327417, 0.5469999999999964]
iteration = 33 , objective = 0.100169472172, inputs = [0.7499358024147433, 0.09500253633803142, 0.13000176118911846, 0.27996628744991686, 0.11219854756247705, 1.0], constraints = [0.04813694798732104, 0.023137243295462226, 1.0000000000065512e-05, 0.797530546701139, 1.9289174672049048, -13.44708321047483, 13.84708321047492, 0.08939403499081386, 0.006054481490679921, 0.6832878879335158, 1.6822481660847006, 0.547]
iteration = 34 , objective = 0.100169564656, inputs = [0.7499358173159045, 0.09500253633803142, 0.13000176118911846, 0.27996628744991686, 0.11219854756247705, 1.0], constraints = [0.04813047407690465, 0.023137201164730087, 1.0000000000065512e-05, 0.797502847162209, 1.9288777383163689, -13.447507432747898, 13.847507432747989, 0.08938796930445854, 0.006054332368033689, 0.6832779938456224, 1.6822484969858034, 0.547]
iteration = 35 , objective = 0.10016956836, inputs = [0.7499358024147433, 0.09500255123919261, 0.13000176118911846, 0.27996628744991686, 0.11219854756247705, 1.0], constraints = [0.04813021483272314, 0.023137182827024906, 1.0000000000065512e-05, 0.7975001911398044, 1.9288744651910057, -13.447528388334376, 13.847528388334467, 0.08938766528370934, 0.006054337286703182, 0.683276921280185, 1.6822472953902088, 0.5469999999999964]
iteration = 36 , objective = 0.100169573691, inputs = [0.7499358024147433, 0.09500253633803142, 0.13000177609027966, 0.27996628744991686, 0.11219854756247705, 1.0], constraints = [0.04812984164248701, 0.023137201532575417, 1.0000000000065512e-05, 0.79750107869663, 1.9288749669721255, -13.447545936516462, 13.847545936516553, 0.0893874234266729, 0.006054318077282003, 0.683277405613967, 1.6822494386550697, 0.5469999999999964]
iteration = 37 , objective = 0.1001695706, inputs = [0.7499358024147433, 0.09500253633803142, 0.13000176118911846, 0.27996630235107806, 0.11219854756247705, 1.0], constraints = [0.04813005801422332, 0.023137198574961014, 1.0000000000065512e-05, 0.7975003427440629, 1.9288747012577188, -13.447535787439165, 13.847535787439256, 0.08938756190878579, 0.006054321469849702, 0.6832769683802189, 1.6822481660847006, 0.5469999999999964]
iteration = 38 , objective = 0.100169579265, inputs = [0.7499358024147433, 0.09500253633803142, 0.13000176118911846, 0.27996628744991686, 0.11219856246363824, 1.0], constraints = [0.04812945147653954, 0.023137199846799687, 1.0000000000065512e-05, 0.7975004550595008, 1.9288747412802405, -13.447688363834231, 13.847688363834322, 0.0893875130994175, 0.006054320947135594, 0.6832770377819679, 1.6822481660847006, 0.547]
iteration = 39 , objective = 0.100169571641, inputs = [0.7499358024147433, 0.09500253633803142, 0.13000176118911846, 0.27996628744991686, 0.11219854756247705, 1.0000000149011612], constraints = [0.04812998453007094, 0.02313719919294803, 1.0000000000065512e-05, 0.7975004570947476, 1.9288747441700143, -13.447539321322438, 13.847539321322529, 0.08938751353923528, 0.006054320957993964, 0.6832770385158188, 1.6822481660847006, 0.5470000000000036]
iteration = 40 , objective = 0.100169571649, inputs = [0.7499358024147433, 0.09500253633803142, 0.13000176118911846, 0.27996628744991686, 0.11219854756247705, 1.0], constraints = [0.048129984564566256, 0.0231371991931629, 1.0000000000065512e-05, 0.7975004572416969, 1.928874744378667, -13.44753931927903, 13.847539319279122, 0.08938751356948771, 0.006054320958777962, 0.6832770385688082, 1.6822481660847006, 0.5469999999999964]
iteration = 41 , objective = 0.100169571838, inputs = [0.7499358173159045, 0.09500253633803142, 0.13000176118911846, 0.27996628744991686, 0.11219854756247705, 1.0], constraints = [0.04812997132534656, 0.023137197980357807, 1.0000000000065512e-05, 0.7975006745943074, 1.9288746535758583, -13.447540364103816, 13.847540364103907, 0.08938749846757332, 0.006054320777069813, 0.6832772104827928, 1.6822484969858034, 0.5470000000000036]
iteration = 42 , objective = 0.100169568878, inputs = [0.7499358024147433, 0.09500255123919261, 0.13000176118911846, 0.27996628744991686, 0.11219854756247705, 1.0], constraints = [0.04813017855086946, 0.02313718259707888, 1.0000000000065512e-05, 0.7975000342726116, 1.9288742424617302, -13.447530764299927, 13.847530764300018, 0.08938763132136032, 0.006054336449794154, 0.683276864718589, 1.6822472953902088, 0.547]
iteration = 43 , objective = 0.100169573728, inputs = [0.7499358024147433, 0.09500253633803142, 0.13000177609027966, 0.27996628744991686, 0.11219854756247705, 1.0], constraints = [0.0481298390545744, 0.023137201515933462, 1.0000000000065512e-05, 0.797501067370256, 1.928874950890273, -13.447546104513776, 13.847546104513867, 0.08938742103605861, 0.006054318016854132, 0.6832774015300128, 1.6822494386550697, 0.5470000000000036]
iteration = 44 , objective = 0.100169570603, inputs = [0.7499358024147433, 0.09500253633803142, 0.13000176118911846, 0.27996630235107806, 0.11219854756247705, 1.0], constraints = [0.04813005782316395, 0.023137198573764492, 1.0000000000065512e-05, 0.7975003419262612, 1.928874700096545, -13.447535798549097, 13.847535798549188, 0.08938756174936771, 0.006054321465486637, 0.6832769680853403, 1.6822481660847006, 0.547]
iteration = 45 , objective = 0.100169579265, inputs = [0.7499358024147433, 0.09500253633803142, 0.13000176118911846, 0.27996628744991686, 0.11219856246363824, 1.0], constraints = [0.04812945143597244, 0.023137199846746545, 1.0000000000065512e-05, 0.7975004550004405, 1.9288747411964031, -13.447688367093633, 13.847688367093724, 0.08938751304116507, 0.006054320946820686, 0.6832770377606766, 1.6822481660847006, 0.5470000000000036]
iteration = 46 , objective = 0.100169571641, inputs = [0.7499358024147433, 0.09500253633803142, 0.13000176118911846, 0.27996628744991686, 0.11219854756247705, 1.0000000149011612], constraints = [0.048129984539387806, 0.023137199192928934, 1.0000000000065512e-05, 0.797500457090473, 1.928874744163957, -13.447539323228511, 13.847539323228602, 0.08938751352303598, 0.006054320957971163, 0.6832770385142817, 1.6822481660847006, 0.547]
iteration = 47 , objective = 0.100169571649, inputs = [0.7499358024147433, 0.09500253633803142, 0.13000176118911846, 0.27996628744991686, 0.11219854756247705, 1.0], constraints = [0.04812998456654532, 0.02313719919315994, 1.0000000000065512e-05, 0.7975004572413809, 1.9288747443782268, -13.44753931907485, 13.84753931907494, 0.08938751357318502, 0.006054320958776151, 0.6832770385686922, 1.6822481660847006, 0.547]
iteration = 48 , objective = 0.100169571838, inputs = [0.7499358173159045, 0.09500253633803142, 0.13000176118911846, 0.27996628744991686, 0.11219854756247705, 1.0], constraints = [0.048129971325004586, 0.02313719798035825, 1.0000000000065512e-05, 0.7975006745942846, 1.9288746535758292, -13.447540364154975, 13.847540364155066, 0.08938749846665353, 0.006054320777069945, 0.6832772104827813, 1.6822484969858034, 0.5470000000000036]
iteration = 49 , objective = 0.100169568878, inputs = [0.7499358024147433, 0.09500255123919261, 0.13000176118911846, 0.27996628744991686, 0.11219854756247705, 1.0], constraints = [0.04813017855086946, 0.02313718259707888, 1.0000000000065512e-05, 0.7975000342726116, 1.9288742424617302, -13.447530764299927, 13.847530764300018, 0.08938763132136032, 0.006054336449794154, 0.683276864718589, 1.6822472953902088, 0.547]
iteration = 50 , objective = 0.100169573728, inputs = [0.7499358024147433, 0.09500253633803142, 0.13000177609027966, 0.27996628744991686, 0.11219854756247705, 1.0], constraints = [0.0481298390545744, 0.023137201515933462, 1.0000000000065512e-05, 0.797501067370256, 1.928874950890273, -13.447546104513776, 13.847546104513867, 0.08938742103605861, 0.006054318016854132, 0.6832774015300128, 1.6822494386550697, 0.5470000000000036]
iteration = 51 , objective = 0.100169570603, inputs = [0.7499358024147433, 0.09500253633803142, 0.13000176118911846, 0.27996630235107806, 0.11219854756247705, 1.0], constraints = [0.04813005782316395, 0.023137198573764492, 1.0000000000065512e-05, 0.7975003419262612, 1.928874700096545, -13.447535798549097, 13.847535798549188, 0.08938756174936771, 0.006054321465486637, 0.6832769680853403, 1.6822481660847006, 0.547]
iteration = 52 , objective = 0.100169579265, inputs = [0.7499358024147433, 0.09500253633803142, 0.13000176118911846, 0.27996628744991686, 0.11219856246363824, 1.0], constraints = [0.04812945143597244, 0.023137199846746545, 1.0000000000065512e-05, 0.7975004550004405, 1.9288747411964031, -13.447688367093633, 13.847688367093724, 0.08938751304116507, 0.006054320946820686, 0.6832770377606766, 1.6822481660847006, 0.5470000000000036]
iteration = 53 , objective = 0.100169571641, inputs = [0.7499358024147433, 0.09500253633803142, 0.13000176118911846, 0.27996628744991686, 0.11219854756247705, 1.0000000149011612], constraints = [0.048129984539387806, 0.023137199192928934, 1.0000000000065512e-05, 0.797500457090473, 1.928874744163957, -13.447539323228511, 13.847539323228602, 0.08938751352303598, 0.006054320957971163, 0.6832770385142817, 1.6822481660847006, 0.547]
iteration = 54 , objective = 0.0972910354344, inputs = [0.7636472821135503, 0.098, 0.10878900910929626, 0.2856418897231184, 0.11198985207278045, 1.0], constraints = [0.24962751959140586, 0.015054202744938988, 1.0000000000065512e-05, -0.46210175209431326, 1.2785467338649905, -4.297676505220352, 4.697676505220443, 0.18402145878845316, 0.013557969652851408, 0.010260474053891357, -0.020508438266761006, 0.547]
iteration = 55 , objective = 0.0999161529703, inputs = [0.751306950384624, 0.09530228270422829, 0.12788048598113624, 0.280533847677237, 0.11217767801350739, 1.0], constraints = [0.06586929208026412, 0.02228145867772076, 1.0000000000065512e-05, 0.6762093394184171, 1.82559313164364, -12.666867155455293, 13.066867155455384, 0.09675820135299809, 0.0065995402555776225, 0.625380959398317, 1.5138194929656148, 0.547]
iteration = 56 , objective = 0.0998245391121, inputs = [0.7513069652857852, 0.09530228270422829, 0.12788048598113624, 0.280533847677237, 0.11217767801350739, 1.0], constraints = [0.07228226215454561, 0.022323052970667126, 1.0000000000065512e-05, 0.7044403726565566, 1.8653769852040896, -12.252349584227659, 12.65234958422775, 0.10269143679792699, 0.006748382806915552, 0.6355177007628663, 1.5138198182519846, 0.5470000000000036]
iteration = 57 , objective = 0.0998178721076, inputs = [0.751306950384624, 0.09530229760538948, 0.12788048598113624, 0.280533847677237, 0.11217767801350739, 1.0], constraints = [0.07274895246891537, 0.022326079623703005, 1.0000000000065512e-05, 0.7064943331340942, 1.8682743061116163, -12.222248285220303, 12.622248285220394, 0.10312234337391608, 0.0067592518366910576, 0.6362556685250843, 1.5138186381771301, 0.5469999999999964]
iteration = 58 , objective = 0.0998173914019, inputs = [0.751306950384624, 0.09530228270422829, 0.12788050088229744, 0.280533847677237, 0.11217767801350739, 1.0], constraints = [0.07278260186538318, 0.022326320182121214, 1.0000000000065512e-05, 0.7066450908661795, 1.8684861205987473, -12.22007107108925, 12.620071071089342, 0.1031535200354611, 0.006760024320076767, 0.636310024093832, 1.513820767019317, 0.547]
iteration = 59 , objective = 0.0998173530752, inputs = [0.751306950384624, 0.09530228270422829, 0.12788048598113624, 0.2805338625783982, 0.11217767801350739, 1.0], constraints = [0.07278528473624829, 0.022326333395981068, 1.0000000000065512e-05, 0.7066552107242114, 1.868501236869288, -12.21990196889692, 12.619901968897011, 0.10315593449844193, 0.006760085556750221, 0.6363134747140657, 1.5138194929656148, 0.5470000000000036]
iteration = 60 , objective = 0.0998173590857, inputs = [0.751306950384624, 0.09530228270422829, 0.12788048598113624, 0.280533847677237, 0.11217769291466859, 1.0], constraints = [0.07278486399876784, 0.02232633584295511, 1.0000000000065512e-05, 0.7066561199688249, 1.868502398802153, -12.220042641518148, 12.62004264151824, 0.10315605593433012, 0.006760089249752431, 0.6363138307090526, 1.5138194929656148, 0.5469999999999964]
iteration = 61 , objective = 0.0998173512945, inputs = [0.751306950384624, 0.09530228270422829, 0.12788048598113624, 0.280533847677237, 0.11217767801350739, 1.0000000149011612], constraints = [0.07278540825238088, 0.022326335267713087, 1.0000000000065512e-05, 0.7066561799795295, 1.8685024834441173, -12.219892752706983, 12.619892752707074, 0.1031560684783539, 0.0067600895668156885, 0.6363138522750159, 1.5138194929656148, 0.5470000000000036]
iteration = 62 , objective = 0.0998173512961, inputs = [0.751306950384624, 0.09530228270422829, 0.12788048598113624, 0.280533847677237, 0.11217767801350739, 1.0], constraints = [0.07278540927444556, 0.02232633527415088, 1.0000000000065512e-05, 0.7066561843510522, 1.8685024896099311, -12.219892687507127, 12.619892687507217, 0.10315606942452611, 0.006760089589912421, 0.6363138538460044, 1.5138194929656148, 0.5469999999999964]
iteration = 63 , objective = 0.0998173514844, inputs = [0.7513069652857852, 0.09530228270422829, 0.12788048598113624, 0.280533847677237, 0.11217767801350739, 1.0], constraints = [0.0727853960918219, 0.022326334058915917, 1.0000000000065512e-05, 0.7066564030734775, 1.8685023987679488, -12.219893717007153, 12.619893717007244, 0.10315605452581203, 0.006760089411179601, 0.6363140262620073, 1.5138198182519846, 0.5470000000000036]
iteration = 64 , objective = 0.0998173485703, inputs = [0.751306950384624, 0.09530229760538948, 0.12788048598113624, 0.280533847677237, 0.11217767801350739, 1.0], constraints = [0.07278560007653505, 0.02232631870123974, 1.0000000000065512e-05, 0.7066557516727948, 1.868501977588512, -12.219884562983907, 12.619884562983998, 0.10315618120326989, 0.006760104673801955, 0.636313677042474, 1.5138186381771301, 0.5469999999999964]
iteration = 65 , objective = 0.0998173532647, inputs = [0.751306950384624, 0.09530228270422829, 0.12788050088229744, 0.280533847677237, 0.11217767801350739, 1.0], constraints = [0.07278527147441491, 0.022326337598244605, 1.0000000000065512e-05, 0.70665684947827, 1.8685027055049794, -12.219898887738054, 12.619898887738145, 0.10315598492700317, 0.006760086446017853, 0.6363142497693343, 1.513820767019317, 0.547]
iteration = 66 , objective = 0.0998173502973, inputs = [0.751306950384624, 0.09530228270422829, 0.12788048598113624, 0.2805338625783982, 0.11217767801350739, 1.0], constraints = [0.07278547918566255, 0.022326334664700187, 1.0000000000065512e-05, 0.7066560672898049, 1.8685024450104575, -12.219889425589372, 12.619889425589463, 0.10315611404965389, 0.00676009008236738, 0.6363137825368949, 1.5138194929656148, 0.5470000000000036]
iteration = 67 , objective = 0.0998173588831, inputs = [0.751306950384624, 0.09530228270422829, 0.12788048598113624, 0.280533847677237, 0.11217769291466859, 1.0], constraints = [0.07278487818547001, 0.022326335935348635, 1.0000000000065512e-05, 0.7066561823660527, 1.8685024868101974, -12.220041726004183, 12.620041726004274, 0.10315606904792247, 0.006760089579424831, 0.6363138531326604, 1.5138194929656148, 0.547]
iteration = 68 , objective = 0.0998173512787, inputs = [0.751306950384624, 0.09530228270422829, 0.12788048598113624, 0.280533847677237, 0.11217767801350739, 1.0000000149011612], constraints = [0.07278540935727505, 0.022326335274353994, 1.0000000000065512e-05, 0.7066561845249043, 1.8685024898551346, -12.219892680876, 12.619892680876092, 0.10315606953702705, 0.00676008959083102, 0.636313853908482, 1.5138194929656148, 0.547]
iteration = 69 , objective = 0.0998173512947, inputs = [0.751306950384624, 0.09530228270422829, 0.12788048598113624, 0.280533847677237, 0.11217767801350739, 1.0], constraints = [0.07278540937203798, 0.022326335274613224, 1.0000000000065512e-05, 0.7066561846821628, 1.8685024900769458, -12.219892680551538, 12.61989268055163, 0.10315606953302847, 0.006760089591661737, 0.6363138539649981, 1.5138194929656148, 0.5469999999999964]
iteration = 70 , objective = 0.0998173514839, inputs = [0.7513069652857852, 0.09530228270422829, 0.12788048598113624, 0.280533847677237, 0.11217767801350739, 1.0], constraints = [0.07278539612512032, 0.022326334058916722, 1.0000000000065512e-05, 0.7066564030976132, 1.868502398801971, -12.219893714248428, 12.61989371424852, 0.10315605457725993, 0.006760089411306916, 0.6363140262706792, 1.5138198182519846, 0.5470000000000036]
iteration = 71 , objective = 0.0998173485701, inputs = [0.751306950384624, 0.09530229760538948, 0.12788048598113624, 0.280533847677237, 0.11217767801350739, 1.0], constraints = [0.07278560009454668, 0.022326318701220323, 1.0000000000065512e-05, 0.7066557516745411, 1.8685019775909895, -12.219884559427783, 12.619884559427874, 0.10315618125304873, 0.006760104673811024, 0.6363136770431038, 1.5138186381771301, 0.547]
iteration = 72 , objective = 0.0998173532644, inputs = [0.751306950384624, 0.09530228270422829, 0.12788050088229744, 0.280533847677237, 0.11217767801350739, 1.0], constraints = [0.07278527149427463, 0.02232633759821996, 1.0000000000065512e-05, 0.7066568494783974, 1.8685027055051615, -12.219898885970906, 12.619898885970997, 0.10315598496058556, 0.006760086446018547, 0.6363142497693798, 1.513820767019317, 0.547]
iteration = 73 , objective = 0.099817350297, inputs = [0.751306950384624, 0.09530228270422829, 0.12788048598113624, 0.2805338625783982, 0.11217767801350739, 1.0], constraints = [0.07278547920784695, 0.0223263346646725, 1.0000000000065512e-05, 0.7066560672898118, 1.8685024450104757, -12.219889425123938, 12.619889425124029, 0.10315611406818484, 0.006760090082367436, 0.6363137825369017, 1.5138194929656148, 0.547]
iteration = 74 , objective = 0.0998173588831, inputs = [0.751306950384624, 0.09530228270422829, 0.12788048598113624, 0.280533847677237, 0.11217769291466859, 1.0], constraints = [0.07278487818547001, 0.022326335935348635, 1.0000000000065512e-05, 0.7066561823660527, 1.8685024868101974, -12.220041726004183, 12.620041726004274, 0.10315606904792247, 0.006760089579424831, 0.6363138531326604, 1.5138194929656148, 0.547]
iteration = 75 , objective = 0.0998173512787, inputs = [0.751306950384624, 0.09530228270422829, 0.12788048598113624, 0.280533847677237, 0.11217767801350739, 1.0000000149011612], constraints = [0.07278540935727505, 0.022326335274353994, 1.0000000000065512e-05, 0.7066561845249043, 1.8685024898551346, -12.219892680876, 12.619892680876092, 0.10315606953702705, 0.00676008959083102, 0.636313853908482, 1.5138194929656148, 0.547]
iteration = 76 , objective = 0.0974256339636, inputs = [0.7716628002538434, 0.098, 0.10764164245120751, 0.2796871216821512, 0.11170124133758334, 1.0], constraints = [0.24020562254863034, 0.014411606827134183, 1.0000000000065512e-05, -0.372565618793567, 1.2238507680197726, -2.4393727635172127, 2.8393727635173036, 0.16946099604998147, 0.013625500879037654, 0.08535234387018135, 0.027171260370607343, 0.547]
iteration = 77 , objective = 0.0996331348433, inputs = [0.7533425353715459, 0.09557205443380547, 0.12585660162814338, 0.28044917507772843, 0.11213003434591498, 1.0], constraints = [0.08568056097061344, 0.021490007241070884, 1.0000000000065512e-05, 0.5982928083749129, 1.7648482690695055, -11.478902418824873, 11.878902418824964, 0.10628176155776074, 0.007246853418861707, 0.5878726330078052, 1.3692793416833173, 0.5469999999999964]
iteration = 78 , objective = 0.0996726447002, inputs = [0.7524258923938514, 0.09545057369824975, 0.126767975700833, 0.280487303942031, 0.11215148873549381, 1.0], constraints = [0.08291487098551079, 0.0218864266876694, 1.0000000000065512e-05, 0.6611198823613518, 1.8301218829089194, -11.617490518265413, 12.017490518265504, 0.10766563542174197, 0.007094247260553209, 0.6149106742789104, 1.43448056512342, 0.547]
iteration = 79 , objective = 0.0996617264301, inputs = [0.7524259072950126, 0.09545057369824975, 0.126767975700833, 0.280487303942031, 0.11215148873549381, 1.0], constraints = [0.08367914989629571, 0.02189149847222254, 1.0000000000065512e-05, 0.6645161260447753, 1.8348973506930815, -11.568486135990952, 11.968486135991043, 0.10836752159650054, 0.007112103553189746, 0.6161290908964202, 1.4344808875691923, 0.5470000000000036]
iteration = 80 , objective = 0.0996609246957, inputs = [0.7524258923938514, 0.09545058859941094, 0.126767975700833, 0.280487303942031, 0.11215148873549381, 1.0], constraints = [0.0837352713008404, 0.02189185452749827, 1.0000000000065512e-05, 0.6647639523544399, 1.8352463795056246, -11.564892565413174, 11.964892565413265, 0.1084189884688854, 0.00711342545210953, 0.6162178861155053, 1.4344797178558801, 0.547]
iteration = 81 , objective = 0.0996608708632, inputs = [0.7524258923938514, 0.09545057369824975, 0.1267679906019942, 0.280487303942031, 0.11215148873549381, 1.0], constraints = [0.08373903957414222, 0.02189190059274415, 1.0000000000065512e-05, 0.6647832663877807, 1.8352726896779386, -11.564644154896996, 11.964644154897087, 0.10842255517375321, 0.007113502963339138, 0.6162250005796364, 1.4344818410321332, 0.5470000000000036]
iteration = 82 , objective = 0.0996608636886, inputs = [0.7524258923938514, 0.09545057369824975, 0.126767975700833, 0.28048731884319217, 0.11215148873549381, 1.0], constraints = [0.08373954179830981, 0.02189189964750464, 1.0000000000065512e-05, 0.6647837857437594, 1.83527429538676, -11.564615859044807, 11.964615859044898, 0.10842295424667547, 0.007113513686924693, 0.6162249935210002, 1.43448056512342, 0.5470000000000036]
iteration = 83 , objective = 0.0996608719281, inputs = [0.7524258923938514, 0.09545057369824975, 0.126767975700833, 0.280487303942031, 0.112151503636655, 1.0], constraints = [0.08373896503204015, 0.02189190106545119, 1.0000000000065512e-05, 0.6647839990192369, 1.8352744743896365, -11.56476664015895, 11.964766640159041, 0.1084229309348963, 0.007113513704357949, 0.6162250994081887, 1.43448056512342, 0.5470000000000036]
iteration = 84 , objective = 0.0996608643087, inputs = [0.7524258923938514, 0.09545057369824975, 0.126767975700833, 0.280487303942031, 0.11215148873549381, 1.0000000149011612], constraints = [0.08373949700576486, 0.02189190040891792, 1.0000000000065512e-05, 0.6647840083332153, 1.835274487488503, -11.564617494136428, 11.964617494136519, 0.10842293286067957, 0.0071135137533436255, 0.6162251027497087, 1.43448056512342, 0.547]
iteration = 85 , objective = 0.0996608643262, inputs = [0.7524258923938514, 0.09545057369824975, 0.126767975700833, 0.280487303942031, 0.11215148873549381, 1.0], constraints = [0.08373949716409697, 0.02189190040993029, 1.0000000000065512e-05, 0.6647840090147861, 1.835274488447034, -11.56461748292304, 11.964617482923131, 0.10842293301867442, 0.007113513756928362, 0.6162251029942308, 1.43448056512342, 0.5470000000000036]
iteration = 86 , objective = 0.0996608645167, inputs = [0.7524259072950126, 0.09545057369824975, 0.126767975700833, 0.280487303942031, 0.11215148873549381, 1.0], constraints = [0.08373948383396783, 0.021891899195723503, 1.0000000000065512e-05, 0.664784227766163, 1.8352743969941256, -11.564618518531233, 11.964618518531324, 0.10842291801706097, 0.007113513577400324, 0.6162252753357916, 1.4344808875691923, 0.5470000000000036]
iteration = 87 , objective = 0.0996608616245, inputs = [0.7524258923938514, 0.09545058859941094, 0.126767975700833, 0.280487303942031, 0.11215148873549381, 1.0], constraints = [0.08373968628650619, 0.0218918838521467, 1.0000000000065512e-05, 0.6647835710501773, 1.835273970542512, -11.564609555527568, 11.964609555527659, 0.10842304206510853, 0.007113528634122936, 0.6162249245839189, 1.4344797178558801, 0.547]
iteration = 88 , objective = 0.0996608662477, inputs = [0.7524258923938514, 0.09545057369824975, 0.1267679906019942, 0.280487303942031, 0.11215148873549381, 1.0], constraints = [0.08373936265926023, 0.021891902738619747, 1.0000000000065512e-05, 0.6647847020212134, 1.8352747087029602, -11.564623443032815, 11.964623443032906, 0.10842285183166425, 0.007113510513878769, 0.6162255156325273, 1.4344818410321332, 0.5470000000000036]
iteration = 89 , objective = 0.0996608633507, inputs = [0.7524258923938514, 0.09545057369824975, 0.126767975700833, 0.28048731884319217, 0.11215148873549381, 1.0], constraints = [0.08373956544752219, 0.02189189980452444, 1.0000000000065512e-05, 0.6647838907988921, 1.8352744431326538, -11.564614341401466, 11.964614341401557, 0.10842297598137378, 0.007113514239449732, 0.6162250312109495, 1.43448056512342, 0.5469999999999964]
iteration = 90 , objective = 0.0996608719034, inputs = [0.7524258923938514, 0.09545057369824975, 0.126767975700833, 0.280487303942031, 0.112151503636655, 1.0], constraints = [0.08373896676357981, 0.021891901076940258, 1.0000000000065512e-05, 0.6647840067068296, 1.8352744852012146, -11.564766529217195, 11.964766529217286, 0.10842293252467634, 0.0071135137447899885, 0.6162251021662223, 1.43448056512342, 0.5470000000000036]
iteration = 91 , objective = 0.0996608643069, inputs = [0.7524258923938514, 0.09545057369824975, 0.126767975700833, 0.280487303942031, 0.11215148873549381, 1.0000000149011612], constraints = [0.0837394971308604, 0.02189190040976071, 1.0000000000065512e-05, 0.6647840088957696, 1.8352744882796614, -11.564617486105135, 11.964617486105226, 0.10842293297495616, 0.007113513756302349, 0.6162251029515347, 1.43448056512342, 0.547]
iteration = 92 , objective = 0.0996608643262, inputs = [0.7524258923938514, 0.09545057369824975, 0.126767975700833, 0.280487303942031, 0.11215148873549381, 1.0], constraints = [0.08373949716335119, 0.021891900410004578, 1.0000000000065512e-05, 0.664784009055952, 1.8352744885049324, -11.564617484170867, 11.964617484170958, 0.10842293300141748, 0.007113513757144925, 0.616225103009001, 1.43448056512342, 0.547]
iteration = 93 , objective = 0.0996608645171, inputs = [0.7524259072950126, 0.09545057369824975, 0.126767975700833, 0.280487303942031, 0.11215148873549381, 1.0], constraints = [0.08373948380267757, 0.021891899195768207, 1.0000000000065512e-05, 0.6647842277691848, 1.8352743969983603, -11.564618522583714, 11.964618522583805, 0.10842291795708725, 0.0071135135774163805, 0.6162252753368717, 1.4344808875691923, 0.5470000000000036]
iteration = 94 , objective = 0.0996608616248, inputs = [0.7524258923938514, 0.09545058859941094, 0.126767975700833, 0.280487303942031, 0.11215148873549381, 1.0], constraints = [0.08373968626544229, 0.02189188385217373, 1.0000000000065512e-05, 0.6647835710503932, 1.8352739705428212, -11.56460955529269, 11.964609555292782, 0.10842304205341798, 0.007113528634124219, 0.6162249245840008, 1.4344797178558801, 0.5469999999999964]
iteration = 95 , objective = 0.0996608662478, inputs = [0.7524258923938514, 0.09545057369824975, 0.1267679906019942, 0.280487303942031, 0.11215148873549381, 1.0], constraints = [0.0837393626507146, 0.021891902738630592, 1.0000000000065512e-05, 0.6647847020212384, 1.8352747087029857, -11.56462344480633, 11.96462344480642, 0.1084228518083176, 0.007113510513878846, 0.6162255156325318, 1.4344818410321332, 0.547]
iteration = 96 , objective = 0.0996608633507, inputs = [0.7524258923938514, 0.09545057369824975, 0.126767975700833, 0.28048731884319217, 0.11215148873549381, 1.0], constraints = [0.08373956544752946, 0.02189189980452444, 1.0000000000065512e-05, 0.6647838907988921, 1.8352744431326609, -11.564614341401466, 11.964614341401557, 0.10842297598137378, 0.007113514239449732, 0.6162250312109495, 1.43448056512342, 0.5470000000000036]
iteration = 97 , objective = 0.0996608719034, inputs = [0.7524258923938514, 0.09545057369824975, 0.126767975700833, 0.280487303942031, 0.112151503636655, 1.0], constraints = [0.08373896676357981, 0.021891901076940258, 1.0000000000065512e-05, 0.6647840067068296, 1.8352744852012146, -11.564766529217195, 11.964766529217286, 0.10842293252467634, 0.0071135137447899885, 0.6162251021662223, 1.43448056512342, 0.5470000000000036]
iteration = 98 , objective = 0.0996608643069, inputs = [0.7524258923938514, 0.09545057369824975, 0.126767975700833, 0.280487303942031, 0.11215148873549381, 1.0000000149011612], constraints = [0.0837394971308604, 0.02189190040976071, 1.0000000000065512e-05, 0.6647840088957696, 1.8352744882796614, -11.564617486105135, 11.964617486105226, 0.10842293297495616, 0.007113513756302349, 0.6162251029515347, 1.43448056512342, 0.547]
iteration = 99 , objective = 0.0998829356465, inputs = [0.7049569819678335, 0.09799999999999988, 0.14999999999999988, 0.2999999999999997, 0.11089870057003913, 1.0], constraints = [0.0681945047463123, 0.02587575659333753, 1.0000000000065512e-05, 0.3793052920680475, 2.3123583160474808, -0.4284548949576674, 0.8284548949577584, 0.09262628657708731, 0.008760318883736802, 0.29214556025852745, 2.075167635183307, 0.547]
iteration = 100 , objective = 0.0996146063746, inputs = [0.7289725072318508, 0.09671019133978524, 0.13824642778855295, 0.2901281145713341, 0.11153251258653422, 1.0], constraints = [0.0869775537765563, 0.02385632231778278, 1.0000000000065512e-05, 0.6705452605043046, 2.116227075735362, -5.366193695603215, 5.766193695603306, 0.11043356538074604, 0.00729582059589181, 0.5452466397550825, 1.7944423999641494, 0.547]
iteration = 101 , objective = 0.0996128689139, inputs = [0.7406201684104228, 0.09608462708107308, 0.13254588094430247, 0.28534019611430744, 0.11183991488308538, 1.0], constraints = [0.08709917602793939, 0.02287786599329371, 1.0000000000065512e-05, 0.6974678298693721, 1.9829465146436522, -8.340521918577906, 8.740521918577997, 0.1108974866957361, 0.007051506335144321, 0.5991570754492114, 1.626526703343683, 0.5469999999999964]
iteration = 102 , objective = 0.0996311541586, inputs = [0.7464410551537399, 0.09577200305769151, 0.1296970482862577, 0.2829474469909159, 0.11199353833808011, 1.0], constraints = [0.08581920889865433, 0.022390908241617, 1.0000000000065512e-05, 0.6884544911917919, 1.911417502537981, -9.908086708305518, 10.30808670830561, 0.10998778748916678, 0.0070449047322845015, 0.6120406900033913, 1.5346182471895755, 0.547]
iteration = 103 , objective = 0.0996444201537, inputs = [0.7493762812917182, 0.09561436003090645, 0.12826050288529806, 0.2817408851596508, 0.11207100412643697, 1.0], constraints = [0.08489058923971243, 0.022145959756199998, 1.0000000000065512e-05, 0.6786276286051156, 1.8743786335848782, -10.715215598896293, 11.115215598896384, 0.1092948345924409, 0.007069314868637579, 0.6152135882464222, 1.4862250502266925, 0.547]
iteration = 104 , objective = 0.0996521220669, inputs = [0.7508619301039648, 0.09553456986671026, 0.12753340321108214, 0.2811301904236207, 0.112110213015651, 1.0], constraints = [0.0843514553151399, 0.022022127198374264, 1.0000000000065512e-05, 0.6723346855054092, 1.8553959894421823, -11.127769278240294, 11.527769278240385, 0.10888747930963483, 0.007088458917408072, 0.6159915867586824, 1.4612042969115882, 0.5469999999999964]
iteration = 105 , objective = 0.0996562786385, inputs = [0.7516151307906237, 0.09549411750275602, 0.12716477506062393, 0.28082057775424346, 0.11213009130857979, 1.0], constraints = [0.08406049530684687, 0.02195938094376161, 1.0000000000065512e-05, 0.6688080121626854, 1.8457113273896248, -11.337952126763412, 11.737952126763503, 0.10866655455710976, 0.007099860556591134, 0.6161756344599234, 1.4483834527982526, 0.547]
iteration = 106 , objective = 0.0996584522037, inputs = [0.7519970963014272, 0.09547360317220022, 0.12697783518884698, 0.2806635659996014, 0.11214017205126488, 1.0], constraints = [0.08390834574061955, 0.02192756895220374, 1.0000000000065512e-05, 0.6669330431491062, 1.840783853274068, -11.444808033021673, 11.844808033021764, 0.10855075890009118, 0.0071060705604030355, 0.6162150238605273, 1.441846750364959, 0.5469999999999964]
iteration = 107 , objective = 0.09965957096, inputs = [0.7521904097880213, 0.09546322082967787, 0.12688322455680165, 0.28058410204574274, 0.1121452739347093, 1.0], constraints = [0.08383003279759214, 0.021911469989987033, 1.0000000000065512e-05, 0.6659613791021024, 1.8382850726616524, -11.498964908498237, 11.898964908498328, 0.10849107075102608, 0.007109319312248195, 0.6162209474006454, 1.4385295393469442, 0.547]
iteration = 108 , objective = 0.0996599891417, inputs = [0.7521904246891825, 0.09546322082967787, 0.12688322455680165, 0.28058410204574274, 0.1121452739347093, 1.0], constraints = [0.08380076008142351, 0.021911274688959575, 1.0000000000065512e-05, 0.6658316166589884, 1.8381021761578595, -11.500841727786565, 11.900841727786656, 0.10846418911450115, 0.0071086354035821905, 0.6161744825118081, 1.4385298620139784, 0.547]
iteration = 109 , objective = 0.0996600168286, inputs = [0.7521904097880213, 0.09546323573083906, 0.12688322455680165, 0.28058410204574274, 0.1121452739347093, 1.0], constraints = [0.08379882199853456, 0.02191124515096714, 1.0000000000065512e-05, 0.6658214510985726, 1.8380883766394835, -11.500969987137069, 11.90096998713716, 0.10846234773877121, 0.00710860044624264, 0.6161707199422107, 1.438528691875641, 0.547]
iteration = 110 , objective = 0.0996600236924, inputs = [0.7521904097880213, 0.09546322082967787, 0.12688323945796284, 0.28058410204574274, 0.1121452739347093, 1.0], constraints = [0.08379834153537377, 0.02191126299437674, 1.0000000000065512e-05, 0.6658218834813465, 1.8380881356139034, -11.500993938681631, 11.900993938681722, 0.10846201337367631, 0.007108578675048292, 0.616171059686626, 1.4385308145722502, 0.5470000000000036]
iteration = 111 , objective = 0.0996600209541, inputs = [0.7521904097880213, 0.09546322082967787, 0.12688322455680165, 0.28058411694690394, 0.1121452739347093, 1.0], constraints = [0.08379853321441624, 0.02191125998481614, 1.0000000000065512e-05, 0.665821023968383, 1.8380877988350113, -11.500985545531648, 11.90098554553174, 0.10846212737352659, 0.007108582119593164, 0.6161705586001562, 1.4385295393469442, 0.547]
iteration = 112 , objective = 0.0996600295209, inputs = [0.7521904097880213, 0.09546322082967787, 0.12688322455680165, 0.28058410204574274, 0.1121452888358705, 1.0], constraints = [0.0837979335396958, 0.021911261251547506, 1.0000000000065512e-05, 0.6658211361596318, 1.8380878356799948, -11.501137794287843, 11.901137794287934, 0.10846208303355453, 0.0071085816049931486, 0.6161706282291106, 1.4385295393469442, 0.547]
iteration = 113 , objective = 0.099660021925, inputs = [0.7521904097880213, 0.09546322082967787, 0.12688322455680165, 0.28058410204574274, 0.1121452739347093, 1.0000000149011612], constraints = [0.08379846386635836, 0.021911260584619383, 1.0000000000065512e-05, 0.6658211380762304, 1.8380878383754644, -11.500988755258504, 11.900988755258595, 0.10846208342528527, 0.007108581615074508, 0.6161706289167797, 1.4385295393469442, 0.5470000000000036]
iteration = 114 , objective = 0.0996600219457, inputs = [0.7521904097880213, 0.09546322082967787, 0.12688322455680165, 0.28058410204574274, 0.1121452739347093, 1.0], constraints = [0.08379846379813534, 0.02191126058495393, 1.0000000000065512e-05, 0.6658211382164358, 1.838087838572661, -11.5009887622939, 11.900988762293991, 0.1084620832837512, 0.007108581615812348, 0.6161706289670883, 1.4385295393469442, 0.547]
iteration = 115 , objective = 0.0996600221345, inputs = [0.7521904246891825, 0.09546322082967787, 0.12688322455680165, 0.28058410204574274, 0.1121452739347093, 1.0], constraints = [0.08379845058582577, 0.021911259369724066, 1.0000000000065512e-05, 0.6658213570000067, 1.8380877470729755, -11.500989787860135, 11.900989787860226, 0.10846206847188036, 0.007108581436076095, 0.6161708013584257, 1.4385298620139784, 0.547]
iteration = 116 , objective = 0.0996600192424, inputs = [0.7521904097880213, 0.09546323573083906, 0.12688322455680165, 0.28058410204574274, 0.1121452739347093, 1.0], constraints = [0.0837986530312155, 0.02191124403027069, 1.0000000000065512e-05, 0.6658207005311851, 1.8380873210491044, -11.500980821245776, 11.900980821245867, 0.10846219256388138, 0.007108596498136416, 0.6161704506396063, 1.438528691875641, 0.547]
iteration = 117 , objective = 0.0996600238686, inputs = [0.7521904097880213, 0.09546322082967787, 0.12688323945796284, 0.28058410204574274, 0.1121452739347093, 1.0], constraints = [0.08379832920005356, 0.02191126291235726, 1.0000000000065512e-05, 0.6658218285720046, 1.8380880583899526, -11.500994725456849, 11.90099472545694, 0.10846200209902328, 0.007108578386215994, 0.6161710399852245, 1.4385308145722502, 0.5469999999999964]
iteration = 118 , objective = 0.099660020967, inputs = [0.7521904097880213, 0.09546322082967787, 0.12688322455680165, 0.28058411694690394, 0.1121452739347093, 1.0], constraints = [0.08379853231076777, 0.021911259978817328, 1.0000000000065512e-05, 0.6658210199513929, 1.8380877931855322, -11.500985603420304, 11.900985603420395, 0.10846212654467954, 0.007108582098462983, 0.6161705571588595, 1.4385295393469442, 0.5469999999999964]
iteration = 119 , objective = 0.0996600295236, inputs = [0.7521904097880213, 0.09546322082967787, 0.12688322455680165, 0.28058410204574274, 0.1121452888358705, 1.0], constraints = [0.083797933345817, 0.021911261251270298, 1.0000000000065512e-05, 0.6658211358657559, 1.838087835266695, -11.501137821702741, 11.901137821702832, 0.10846208264946249, 0.007108581603447385, 0.6161706281236684, 1.4385295393469442, 0.5470000000000036]
iteration = 120 , objective = 0.0996600219251, inputs = [0.7521904097880213, 0.09546322082967787, 0.12688322455680165, 0.28058410204574274, 0.1121452739347093, 1.0000000149011612], constraints = [0.08379846386404824, 0.02191126058458412, 1.0000000000065512e-05, 0.6658211380547345, 1.838087838345229, -11.500988755310345, 11.900988755310436, 0.10846208342540926, 0.0071085816149615635, 0.616170628909067, 1.4385295393469442, 0.547]
iteration = 121 , objective = 0.0996600219444, inputs = [0.7521904097880213, 0.09546322082967787, 0.12688322455680165, 0.28058410204574274, 0.1121452739347093, 1.0], constraints = [0.08379846389406885, 0.02191126058482996, 1.0000000000065512e-05, 0.6658211382148648, 1.8380878385704456, -11.500988753461797, 11.900988753461888, 0.10846208344971657, 0.007108581615803779, 0.6161706289665199, 1.4385295393469442, 0.5470000000000036]
iteration = 122 , objective = 0.0996600221347, inputs = [0.7521904246891825, 0.09546322082967787, 0.12688322455680165, 0.28058410204574274, 0.1121452739347093, 1.0], constraints = [0.0837984505697641, 0.021911259369744047, 1.0000000000065512e-05, 0.665821356999893, 1.8380877470728119, -11.50098978932374, 11.90098978932383, 0.10846206844443884, 0.007108581436075685, 0.6161708013583802, 1.4385298620139784, 0.5469999999999964]
iteration = 123 , objective = 0.0996600192423, inputs = [0.7521904097880213, 0.09546323573083906, 0.12688322455680165, 0.28058410204574274, 0.1121452739347093, 1.0], constraints = [0.08379865304080159, 0.021911244030258622, 1.0000000000065512e-05, 0.6658207005311851, 1.8380873210490936, -11.50098081905071, 11.900980819050801, 0.10846219259382295, 0.007108596498136395, 0.6161704506396017, 1.438528691875641, 0.5469999999999964]
iteration = 124 , objective = 0.0996600238686, inputs = [0.7521904097880213, 0.09546322082967787, 0.12688323945796284, 0.28058410204574274, 0.1121452739347093, 1.0], constraints = [0.08379832920005356, 0.02191126291235726, 1.0000000000065512e-05, 0.6658218285720046, 1.8380880583899526, -11.500994725456849, 11.90099472545694, 0.10846200209902328, 0.007108578386215994, 0.6161710399852245, 1.4385308145722502, 0.5469999999999964]
iteration = 125 , objective = 0.099660020967, inputs = [0.7521904097880213, 0.09546322082967787, 0.12688322455680165, 0.28058411694690394, 0.1121452739347093, 1.0], constraints = [0.08379853231076777, 0.021911259978817328, 1.0000000000065512e-05, 0.6658210199513929, 1.8380877931855322, -11.500985603420304, 11.900985603420395, 0.10846212654467954, 0.007108582098462983, 0.6161705571588595, 1.4385295393469442, 0.5469999999999964]
iteration = 126 , objective = 0.0996600295236, inputs = [0.7521904097880213, 0.09546322082967787, 0.12688322455680165, 0.28058410204574274, 0.1121452888358705, 1.0], constraints = [0.083797933345817, 0.021911261251270298, 1.0000000000065512e-05, 0.6658211358657559, 1.838087835266695, -11.501137821702741, 11.901137821702832, 0.10846208264946249, 0.007108581603447385, 0.6161706281236684, 1.4385295393469442, 0.5470000000000036]
iteration = 127 , objective = 0.0996600219251, inputs = [0.7521904097880213, 0.09546322082967787, 0.12688322455680165, 0.28058410204574274, 0.1121452739347093, 1.0000000149011612], constraints = [0.08379846386404824, 0.02191126058458412, 1.0000000000065512e-05, 0.6658211380547345, 1.838087838345229, -11.500988755310345, 11.900988755310436, 0.10846208342540926, 0.0071085816149615635, 0.616170628909067, 1.4385295393469442, 0.547]
iteration = 128 , objective = 0.0973840949555, inputs = [0.7519758343681082, 0.09799999999999995, 0.11576074718616437, 0.28979094435804353, 0.11173249010267296, 1.0], constraints = [0.24311335311353105, 0.01698230955397764, 1.0000000000065512e-05, -0.16109910069869784, 1.4881607618288, -1.7265503666581026, 2.1265503666581935, 0.1850898958784583, 0.01211028176753963, 0.1493317662362688, 0.3534359990378271, 0.5470000000000036]
iteration = 129 , objective = 0.0994594702243, inputs = [0.75216895224603, 0.09571689874671009, 0.12577097681973792, 0.28150478627697284, 0.11210399555150569, 1.0], constraints = [0.09783708429957914, 0.021387284273543125, 1.0000000000065512e-05, 0.5768962205482626, 1.780455117542111, -10.629519293769135, 11.029519293769226, 0.11452638080911086, 0.0075231171116379655, 0.5695187547974524, 1.3286121503009327, 0.5470000000000036]
iteration = 130 , objective = 0.0994106736179, inputs = [0.7521689671471912, 0.09571689874671009, 0.12577097681973792, 0.28150478627697284, 0.11210399555150569, 1.0], constraints = [0.10125284674766226, 0.021410175557927798, 1.0000000000065512e-05, 0.5922657712680552, 1.801939533788409, -10.412487010846007, 10.812487010846098, 0.11763713282056827, 0.007603272453074877, 0.5750183073816515, 1.3286124697108244, 0.5470000000000036]
iteration = 131 , objective = 0.0994070835213, inputs = [0.75216895224603, 0.09571691364787129, 0.12577097681973792, 0.28150478627697284, 0.11210399555150569, 1.0], constraints = [0.1015041535082164, 0.021411847945801997, 1.0000000000065512e-05, 0.5933952575696799, 1.8035195985997707, -10.396539937160469, 10.79653993716056, 0.11786571491772868, 0.007609187508107677, 0.5754225129561018, 1.328611313631618, 0.547]
iteration = 132 , objective = 0.0994068241536, inputs = [0.75216895224603, 0.09571689874671009, 0.12577099172089912, 0.28150478627697284, 0.11210399555150569, 1.0], constraints = [0.10152230925120238, 0.021411990984004946, 1.0000000000065512e-05, 0.5934795647421788, 1.8036366235157693, -10.395380811438145, 10.795380811438235, 0.11788233850447512, 0.007609603701446414, 0.5754528853447392, 1.3286134237807636, 0.547]
iteration = 133 , objective = 0.0994068019363, inputs = [0.75216895224603, 0.09571689874671009, 0.12577097681973792, 0.28150480117813403, 0.11210399555150569, 1.0], constraints = [0.10152386445853336, 0.0214119971965423, 1.0000000000065512e-05, 0.593484840207534, 1.803644906466976, -10.395285954666178, 10.79528595466627, 0.11788369216750354, 0.00760963941035997, 0.5754545733935811, 1.3286121503009327, 0.5470000000000036]
iteration = 134 , objective = 0.099406809013, inputs = [0.75216895224603, 0.09571689874671009, 0.12577097681973792, 0.28150478627697284, 0.11210401045266688, 1.0], constraints = [0.10152336908668803, 0.021411999136857426, 1.0000000000065512e-05, 0.5934854078344801, 1.80364557847978, -10.395431623123613, 10.795431623123704, 0.11788374205229282, 0.007609641275015087, 0.5754548062733466, 1.3286121503009327, 0.547]
iteration = 135 , objective = 0.0994068013249, inputs = [0.75216895224603, 0.09571689874671009, 0.12577097681973792, 0.28150478627697284, 0.11210399555150569, 1.0000000149011612], constraints = [0.1015239055170423, 0.021411998518509674, 1.0000000000065512e-05, 0.5934854431855592, 1.8036456279193553, -10.395282114905058, 10.795282114905149, 0.11788374917247565, 0.007609641459590727, 0.5754548189283696, 1.3286121503009327, 0.5470000000000036]
iteration = 136 , objective = 0.0994068013418, inputs = [0.75216895224603, 0.09571689874671009, 0.12577097681973792, 0.28150478627697284, 0.11210399555150569, 1.0], constraints = [0.10152390607310735, 0.021411998522421826, 1.0000000000065512e-05, 0.5934854457863185, 1.8036456315565883, -10.395282082775338, 10.79528208277543, 0.11788374963437889, 0.007609641473169927, 0.5754548198593943, 1.3286121503009327, 0.547]
iteration = 137 , objective = 0.09940680153, inputs = [0.7521689671471912, 0.09571689874671009, 0.12577097681973792, 0.28150478627697284, 0.11210399555150569, 1.0], constraints = [0.10152389290060819, 0.021411997300993618, 1.0000000000065512e-05, 0.5934856660297805, 1.8036455399800033, -10.395283101890755, 10.795283101890846, 0.11788373487003519, 0.007609641295419155, 0.575454992982336, 1.3286124697108244, 0.547]
iteration = 138 , objective = 0.0994067986692, inputs = [0.75216895224603, 0.09571691364787129, 0.12577097681973792, 0.28150478627697284, 0.11210399555150569, 1.0], constraints = [0.1015240931562912, 0.021411981989559285, 1.0000000000065512e-05, 0.5934850014454491, 1.8036451078787468, -10.395274413343714, 10.795274413343805, 0.11788385509799611, 0.007609656077864541, 0.5754546395078887, 1.328611313631618, 0.5469999999999964]
iteration = 139 , objective = 0.0994068031962, inputs = [0.75216895224603, 0.09571689874671009, 0.12577099172089912, 0.28150478627697284, 0.11210399555150569, 1.0], constraints = [0.10152377626348243, 0.02141200084553051, 1.0000000000065512e-05, 0.5934861671272416, 1.8036458571537077, -10.395287697494496, 10.795287697494587, 0.11788367321853918, 0.007609638173935493, 0.5754552488746458, 1.3286134237807636, 0.547]
iteration = 140 , objective = 0.0994068003927, inputs = [0.75216895224603, 0.09571689874671009, 0.12577097681973792, 0.28150480117813403, 0.11210399555150569, 1.0], constraints = [0.10152397251224829, 0.02141199792188757, 1.0000000000065512e-05, 0.5934853259409443, 1.8036455857801048, -10.39527907994352, 10.795279079943612, 0.11788379069809415, 0.0076096419464806095, 0.5754547472770468, 1.3286121503009327, 0.547]
iteration = 141 , objective = 0.0994068088994, inputs = [0.75216895224603, 0.09571689874671009, 0.12577097681973792, 0.28150478627697284, 0.11210401045266688, 1.0], constraints = [0.10152337704036109, 0.021411999190215233, 1.0000000000065512e-05, 0.5934854435696048, 1.8036456284564337, -10.395431118941133, 10.795431118941224, 0.11788374929027157, 0.0076096414615959215, 0.5754548190658488, 1.3286121503009327, 0.547]
iteration = 142 , objective = 0.0994068013166, inputs = [0.75216895224603, 0.09571689874671009, 0.12577097681973792, 0.28150478627697284, 0.11210399555150569, 1.0000000149011612], constraints = [0.10152390609327631, 0.02141199852244635, 1.0000000000065512e-05, 0.5934854458145719, 1.8036456315961078, -10.39528207839021, 10.7952820783903, 0.11788374969262919, 0.0076096414733173925, 0.5754548198695079, 1.3286121503009327, 0.5469999999999964]
iteration = 143 , objective = 0.0994068013409, inputs = [0.75216895224603, 0.09571689874671009, 0.12577097681973792, 0.28150478627697284, 0.11210399555150569, 1.0], constraints = [0.10152390613812531, 0.021411998522682642, 1.0000000000065512e-05, 0.5934854459797338, 1.8036456318270866, -10.395282075476189, 10.79528207547628, 0.11788374973722818, 0.007609641474179536, 0.5754548199286341, 1.3286121503009327, 0.547]
iteration = 144 , objective = 0.0994068015298, inputs = [0.7521689671471912, 0.09571689874671009, 0.12577097681973792, 0.28150478627697284, 0.11210399555150569, 1.0], constraints = [0.10152389291149666, 0.021411997301005167, 1.0000000000065512e-05, 0.593485666044005, 1.8036455399998994, -10.39528309983325, 10.795283099833341, 0.11788373489916637, 0.007609641295493436, 0.5754549929874293, 1.3286124697108244, 0.5470000000000036]
iteration = 145 , objective = 0.0994067986694, inputs = [0.75216895224603, 0.09571691364787129, 0.12577097681973792, 0.28150478627697284, 0.11210399555150569, 1.0], constraints = [0.10152409314445686, 0.021411981989576195, 1.0000000000065512e-05, 0.5934850014464814, 1.8036451078802056, -10.395274417483051, 10.795274417483142, 0.11788385505032864, 0.007609656077870043, 0.5754546395082616, 1.328611313631618, 0.547]
iteration = 146 , objective = 0.0994068031964, inputs = [0.75216895224603, 0.09571689874671009, 0.12577099172089912, 0.28150478627697284, 0.11210399555150569, 1.0], constraints = [0.10152377625020018, 0.02141200084554751, 1.0000000000065512e-05, 0.5934861671273143, 1.8036458571538132, -10.395287697860795, 10.795287697860886, 0.11788367320147479, 0.007609638173935736, 0.5754552488746708, 1.3286134237807636, 0.5470000000000036]
iteration = 147 , objective = 0.0994068003929, inputs = [0.75216895224603, 0.09571689874671009, 0.12577097681973792, 0.28150480117813403, 0.11210399555150569, 1.0], constraints = [0.1015239724985222, 0.021411997921906126, 1.0000000000065512e-05, 0.5934853259409533, 1.803645585780112, -10.395279081223862, 10.795279081223953, 0.11788379067333246, 0.007609641946480637, 0.5754547472770492, 1.3286121503009327, 0.547]
iteration = 148 , objective = 0.0994068088994, inputs = [0.75216895224603, 0.09571689874671009, 0.12577097681973792, 0.28150478627697284, 0.11210401045266688, 1.0], constraints = [0.10152337704036109, 0.021411999190215233, 1.0000000000065512e-05, 0.5934854435696048, 1.8036456284564337, -10.395431118941133, 10.795431118941224, 0.11788374929027157, 0.0076096414615959215, 0.5754548190658488, 1.3286121503009327, 0.547]
iteration = 149 , objective = 0.0994068013166, inputs = [0.75216895224603, 0.09571689874671009, 0.12577097681973792, 0.28150478627697284, 0.11210399555150569, 1.0000000149011612], constraints = [0.10152390609327631, 0.02141199852244635, 1.0000000000065512e-05, 0.5934854458145719, 1.8036456315961078, -10.39528207839021, 10.7952820783903, 0.11788374969262919, 0.0076096414733173925, 0.5754548198695079, 1.3286121503009327, 0.5469999999999964]
iteration = 150 , objective = 0.097433546816, inputs = [0.751922959227188, 0.098, 0.11659824252692771, 0.2891160609177387, 0.11161921099813571, 1.0], constraints = [0.2396517228787161, 0.017137248189063994, 1.0000000000065512e-05, -0.09871576610331431, 1.507427605858069, -0.8568445724260982, 1.2568445724261892, 0.1815436515611676, 0.011896915701897007, 0.18551792238395365, 0.42310569877545096, 0.5469999999999964]
iteration = 151 , objective = 0.0991604347272, inputs = [0.7521355739569552, 0.09602668808129267, 0.12452634728402295, 0.2825375445494719, 0.11203821612801844, 1.0], constraints = [0.11876956909572255, 0.020804951149242946, 1.0000000000065512e-05, 0.4947417839751097, 1.7443815534802087, -9.182746937761749, 9.58274693776184, 0.12527877771960833, 0.00812348495539271, 0.52282434858751, 1.2043564412058132, 0.5469999999999964]
iteration = 152 , objective = 0.0991209445521, inputs = [0.7521355888581164, 0.09602668808129267, 0.12452634728402295, 0.2825375445494719, 0.11203821612801844, 1.0], constraints = [0.12153388135569185, 0.02082378102248302, 1.0000000000065512e-05, 0.5073665354508762, 1.761915306158, -9.009025171303165, 9.409025171303256, 0.12777093261753017, 0.008188769232244215, 0.5273300937592694, 1.2043567569372862, 0.547]
iteration = 153 , objective = 0.0991180191767, inputs = [0.7521355739569552, 0.09602670298245386, 0.12452634728402295, 0.2825375445494719, 0.11203821612801844, 1.0], constraints = [0.121738657632377, 0.02082516257190485, 1.0000000000065512e-05, 0.5083003483133871, 1.76321320494909, -8.9961707470884, 9.39617074708849, 0.12795534334872868, 0.008193620299329928, 0.5276633634949235, 1.20435561687649, 0.547]
iteration = 154 , objective = 0.0991178071843, inputs = [0.7521355739569552, 0.09602668808129267, 0.12452636218518415, 0.2825375445494719, 0.11203821612801844, 1.0], constraints = [0.12175349710203591, 0.02082528484467509, 1.0000000000065512e-05, 0.5083707552001693, 1.7633101117314363, -8.995232198465146, 9.395232198465237, 0.12796881656835524, 0.008193960823641488, 0.5276887009281791, 1.2043577125451812, 0.547]
iteration = 155 , objective = 0.099117788461, inputs = [0.7521355739569552, 0.09602668808129267, 0.12452634728402295, 0.2825375594506331, 0.11203821612801844, 1.0], constraints = [0.12175480773115123, 0.020825289591475022, 1.0000000000065512e-05, 0.5083750011465259, 1.7633169527074206, -8.99515367531717, 9.39515367531726, 0.12796993725889436, 0.008193991172547675, 0.5276900076635411, 1.2043564412058132, 0.547]
iteration = 156 , objective = 0.0991177957323, inputs = [0.7521355739569552, 0.09602668808129267, 0.12452634728402295, 0.2825375445494719, 0.11203823102917963, 1.0], constraints = [0.12175429873714892, 0.020825291423810947, 1.0000000000065512e-05, 0.5083755002416751, 1.7633175232887153, -8.995300364445939, 9.39530036444603, 0.12796997247864753, 0.0081939926636131, 0.5276902158884991, 1.2043564412058132, 0.547]
iteration = 157 , objective = 0.0991177880735, inputs = [0.7521355739569552, 0.09602668808129267, 0.12452634728402295, 0.2825375445494719, 0.11203821612801844, 1.0000000149011612], constraints = [0.12175483270066252, 0.02082529079577193, 1.0000000000065512e-05, 0.5083755306522995, 1.7633175655411724, -8.995150910574694, 9.395150910574785, 0.12796997882817324, 0.008193992821019694, 0.5276902267458717, 1.2043564412058132, 0.5469999999999964]
iteration = 158 , objective = 0.0991177880975, inputs = [0.7521355739569552, 0.09602668808129267, 0.12452634728402295, 0.2825375445494719, 0.11203821612801844, 1.0], constraints = [0.12175483317343969, 0.020825290799164287, 1.0000000000065512e-05, 0.5083755329042424, 1.7633175686700306, -8.995150881802829, 9.39515088180292, 0.12796997923481435, 0.008193992832675925, 0.5276902275498742, 1.2043564412058132, 0.5470000000000036]
iteration = 159 , objective = 0.0991177882845, inputs = [0.7521355888581164, 0.09602668808129267, 0.12452634728402295, 0.2825375445494719, 0.11203821612801844, 1.0], constraints = [0.12175482008777908, 0.02082528957037734, 1.0000000000065512e-05, 0.5083757546304492, 1.7633174766704833, -8.995151891981322, 9.395151891981413, 0.12796996459963877, 0.008193992655985083, 0.5276904014475895, 1.2043567569372862, 0.547]
iteration = 160 , objective = 0.09911778546, inputs = [0.7521355739569552, 0.09602670298245386, 0.12452634728402295, 0.2825375445494719, 0.11203821612801844, 1.0], constraints = [0.12175501779819388, 0.020825274295345204, 1.0000000000065512e-05, 0.5083750805233421, 1.7633170375314875, -8.995143508853289, 9.39514350885338, 0.12797008058595302, 0.00819400711431148, 0.5276900447568278, 1.20435561687649, 0.547]
iteration = 161 , objective = 0.0991177898778, inputs = [0.7521355739569552, 0.09602668808129267, 0.12452636218518415, 0.2825375445494719, 0.11203821612801844, 1.0], constraints = [0.12175470855393723, 0.020825293118091795, 1.0000000000065512e-05, 0.5083762892274263, 1.7633178006974377, -8.99515613667404, 9.395156136674132, 0.12796990777990835, 0.008193989467974408, 0.5276906767174933, 1.2043577125451812, 0.5470000000000036]
iteration = 162 , objective = 0.0991177871798, inputs = [0.7521355739569552, 0.09602668808129267, 0.12452634728402295, 0.2825375594506331, 0.11203821612801844, 1.0], constraints = [0.12175489741459024, 0.020825290204168952, 1.0000000000065512e-05, 0.5083754109500592, 1.7633175220876256, -8.995148046329177, 9.395148046329268, 0.1279700180097098, 0.008193993293706493, 0.5276901539738992, 1.2043564412058132, 0.5469999999999964]
iteration = 163 , objective = 0.0991177956352, inputs = [0.7521355739569552, 0.09602668808129267, 0.12452634728402295, 0.2825375445494719, 0.11203823102917963, 1.0], constraints = [0.12175430553940532, 0.02082529146897629, 1.0000000000065512e-05, 0.5083755305882778, 1.763317565452231, -8.995299922817821, 9.395299922817912, 0.12796997881991423, 0.008193992820688362, 0.5276902267230161, 1.2043564412058132, 0.5469999999999964]
iteration = 164 , objective = 0.0991177880665, inputs = [0.7521355739569552, 0.09602668808129267, 0.12452634728402295, 0.2825375445494719, 0.11203821612801844, 1.0000000149011612], constraints = [0.12175483319126579, 0.020825290799133096, 1.0000000000065512e-05, 0.5083755328995175, 1.7633175686634495, -8.995150879843322, 9.395150879843413, 0.12796997926811712, 0.008193992832651306, 0.5276902275481871, 1.2043564412058132, 0.547]
iteration = 165 , objective = 0.099117788097, inputs = [0.7521355739569552, 0.09602668808129267, 0.12452634728402295, 0.2825375445494719, 0.11203821612801844, 1.0], constraints = [0.12175483321313368, 0.02082529079940889, 1.0000000000065512e-05, 0.5083755330706617, 1.7633175689012424, -8.995150878908817, 9.395150878908908, 0.1279699792755121, 0.008193992833537111, 0.527690227609287, 1.2043564412058132, 0.547]
iteration = 166 , objective = 0.0991177882844, inputs = [0.7521355888581164, 0.09602668808129267, 0.12452634728402295, 0.2825375445494719, 0.11203821612801844, 1.0], constraints = [0.1217548200916499, 0.02082528957039436, 1.0000000000065512e-05, 0.5083757546427818, 1.7633174766876036, -8.99515189133922, 9.39515189133931, 0.12796996460847013, 0.008193992656048796, 0.5276904014519869, 1.2043567569372862, 0.547]
iteration = 167 , objective = 0.0991177854596, inputs = [0.7521355739569552, 0.09602670298245386, 0.12452634728402295, 0.2825375445494719, 0.11203821612801844, 1.0], constraints = [0.12175501782888387, 0.020825274295307707, 1.0000000000065512e-05, 0.5083750805242653, 1.7633170375327571, -8.995143507428338, 9.395143507428429, 0.12797008062024345, 0.008194007114316303, 0.5276900447571552, 1.20435561687649, 0.5469999999999964]
iteration = 168 , objective = 0.0991177898777, inputs = [0.7521355739569552, 0.09602668808129267, 0.12452636218518415, 0.2825375445494719, 0.11203821612801844, 1.0], constraints = [0.12175470855804088, 0.020825293118086768, 1.0000000000065512e-05, 0.5083762892274922, 1.7633178006975285, -8.995156135147909, 9.395156135148, 0.12796990779965683, 0.008193989467974762, 0.527690676717516, 1.2043577125451812, 0.547]
iteration = 169 , objective = 0.0991177871791, inputs = [0.7521355739569552, 0.09602668808129267, 0.12452634728402295, 0.2825375594506331, 0.11203821612801844, 1.0], constraints = [0.12175489746370295, 0.020825290204106242, 1.0000000000065512e-05, 0.5083754109500705, 1.7633175220876365, -8.99514804055707, 9.39514804055716, 0.1279700181059283, 0.008193993293706521, 0.5276901539738992, 1.2043564412058132, 0.547]
iteration = 170 , objective = 0.0991177956352, inputs = [0.7521355739569552, 0.09602668808129267, 0.12452634728402295, 0.2825375445494719, 0.11203823102917963, 1.0], constraints = [0.12175430553940532, 0.02082529146897629, 1.0000000000065512e-05, 0.5083755305882778, 1.763317565452231, -8.995299922817821, 9.395299922817912, 0.12796997881991423, 0.008193992820688362, 0.5276902267230161, 1.2043564412058132, 0.5469999999999964]
iteration = 171 , objective = 0.0991177880665, inputs = [0.7521355739569552, 0.09602668808129267, 0.12452634728402295, 0.2825375445494719, 0.11203821612801844, 1.0000000149011612], constraints = [0.12175483319126579, 0.020825290799133096, 1.0000000000065512e-05, 0.5083755328995175, 1.7633175686634495, -8.995150879843322, 9.395150879843413, 0.12796997926811712, 0.008193992832651306, 0.5276902275481871, 1.2043564412058132, 0.547]
iteration = 172 , objective = 0.09746486988, inputs = [0.7518602281726879, 0.098, 0.11704564015783195, 0.2887837993449777, 0.11156238585023563, 1.0], constraints = [0.23745910840242504, 0.017220269294831763, 1.0000000000065512e-05, -0.06809477025969045, 1.5159805251525322, -0.44338263173472114, 0.8433826317348121, 0.17944381488765088, 0.011778106817707232, 0.20349558492312325, 0.4596380750094886, 0.547]
iteration = 173 , objective = 0.0986122893627, inputs = [0.7520501286871467, 0.09663904599248757, 0.12220493517140776, 0.284475881567105, 0.11189055653491305, 1.0], constraints = [0.15713974460790997, 0.019682043604233215, 1.0000000000065512e-05, 0.3295787447445491, 1.671649657016038, -6.3599457707928195, 6.7599457707929105, 0.14359228458539341, 0.009259837732441309, 0.4295400159655833, 0.9714410051799441, 0.547]
iteration = 174 , objective = 0.0985864009026, inputs = [0.7520501435883079, 0.09663904599248757, 0.12220493517140776, 0.284475881567105, 0.11189055653491305, 1.0], constraints = [0.15895193682091485, 0.019694765730735232, 1.0000000000065512e-05, 0.3380888484309139, 1.6833181860047588, -6.248190879985486, 6.648190879985577, 0.14519797965580103, 0.009303109727989423, 0.43256167831954373, 0.9714413140247944, 0.5469999999999964]
iteration = 175 , objective = 0.0985844573879, inputs = [0.7520501286871467, 0.09663906089364876, 0.12220493517140776, 0.284475881567105, 0.11189055653491305, 1.0], constraints = [0.15908798284881778, 0.019695705769389525, 1.0000000000065512e-05, 0.3387261804170544, 1.684192788667231, -6.239809577175038, 6.639809577175129, 0.14531840219440467, 0.009306369743099265, 0.4327879031827206, 0.9714402040311033, 0.5469999999999964]
iteration = 176 , objective = 0.0985843160635, inputs = [0.7520501286871467, 0.09663904599248757, 0.12220495007256896, 0.284475881567105, 0.11189055653491305, 1.0], constraints = [0.1590978755524957, 0.01969579617129337, 1.0000000000065512e-05, 0.3387753195767027, 1.6842592036636161, -6.23919312952421, 6.639193129524301, 0.14532726766472984, 0.009306596072055959, 0.4328055707290082, 0.9714422722690143, 0.5469999999999964]
iteration = 177 , objective = 0.098584302641, inputs = [0.7520501286871467, 0.09663904599248757, 0.12220493517140776, 0.2844758964682662, 0.11189055653491305, 1.0], constraints = [0.1590988151317797, 0.019695798646289918, 1.0000000000065512e-05, 0.33877795863959137, 1.6842638322476378, -6.239138863491917, 6.639138863492008, 0.14532804188803858, 0.009306618220722804, 0.43280628253548004, 0.9714410051799441, 0.5469999999999964]
iteration = 178 , objective = 0.0985843101851, inputs = [0.7520501286871467, 0.09663904599248757, 0.12220493517140776, 0.284475881567105, 0.11189057143607424, 1.0], constraints = [0.1590982870410844, 0.019695800308395385, 1.0000000000065512e-05, 0.33877835137548346, 1.6842642460280113, -6.239286929738, 6.639286929738091, 0.1453280572831634, 0.009306619139755369, 0.4328064527508991, 0.9714410051799441, 0.547]
iteration = 179 , objective = 0.0985843025805, inputs = [0.7520501286871467, 0.09663904599248757, 0.12220493517140776, 0.284475881567105, 0.11189055653491305, 1.0000000149011612], constraints = [0.15909881642911933, 0.019695799664334726, 1.0000000000065512e-05, 0.3387783740008581, 1.6842642770594685, -6.2391376216110075, 6.639137621611098, 0.14532806154325967, 0.00930661925487515, 0.43280646078622115, 0.9714410051799441, 0.547]
iteration = 180 , objective = 0.0985843026172, inputs = [0.7520501286871467, 0.09663904599248757, 0.12220493517140776, 0.284475881567105, 0.11189055653491305, 1.0], constraints = [0.15909881679540194, 0.019695799666868956, 1.0000000000065512e-05, 0.338778375697666, 1.6842642793866653, -6.239137599006199, 6.63913759900629, 0.1453280618701001, 0.009306619263508516, 0.4328064613888273, 0.9714410051799441, 0.5469999999999964]
iteration = 181 , objective = 0.0985843028024, inputs = [0.7520501435883079, 0.09663904599248757, 0.12220493517140776, 0.284475881567105, 0.11189055653491305, 1.0], constraints = [0.15909880383132985, 0.0196957984242744, 1.0000000000065512e-05, 0.33877860039799773, 1.684264186569606, -6.239138593539565, 6.639138593539656, 0.1453280474367574, 0.009306619088849687, 0.4328066368336795, 0.9714413140247944, 0.547]
iteration = 182 , objective = 0.0985843000452, inputs = [0.7520501286871467, 0.09663906089364876, 0.12220493517140776, 0.284475881567105, 0.11189055653491305, 1.0], constraints = [0.1590989968344911, 0.019695783222218297, 1.0000000000065512e-05, 0.33877790737708435, 1.684263733778851, -6.23913074479583, 6.639130744795921, 0.14532815602015958, 0.009306632933068382, 0.4328062737949676, 0.9714402040311033, 0.5470000000000036]
iteration = 183 , objective = 0.0985843042636, inputs = [0.7520501286871467, 0.09663904599248757, 0.12220495007256896, 0.284475881567105, 0.11189055653491305, 1.0], constraints = [0.15909870154635428, 0.019695801979893443, 1.0000000000065512e-05, 0.33877919883272173, 1.6842645241891987, -6.239142220796111, 6.639142220796202, 0.1453279991497606, 0.009306615810012013, 0.4328069484322123, 0.9714422722690143, 0.5469999999999964]
iteration = 184 , objective = 0.0985843017545, inputs = [0.7520501286871467, 0.09663904599248757, 0.12220493517140776, 0.2844758964682662, 0.11189055653491305, 1.0], constraints = [0.15909887718288154, 0.01969579908176932, 1.0000000000065512e-05, 0.3387782495642955, 1.6842642312603238, -6.239135033003777, 6.639135033003868, 0.14532809695680945, 0.009306619700970457, 0.4328063858563019, 0.9714410051799441, 0.5469999999999964]
iteration = 185 , objective = 0.0985843101188, inputs = [0.7520501286871467, 0.09663904599248757, 0.12220493517140776, 0.284475881567105, 0.11189057143607424, 1.0], constraints = [0.15909829168361467, 0.019695800341069276, 1.0000000000065512e-05, 0.33877837319337234, 1.684264275951966, -6.239286643862215, 6.639286643862306, 0.1453280613899654, 0.009306619250766576, 0.43280646049944155, 0.9714410051799441, 0.547]
iteration = 186 , objective = 0.0985843025752, inputs = [0.7520501286871467, 0.09663904599248757, 0.12220493517140776, 0.284475881567105, 0.11189055653491305, 1.0000000149011612], constraints = [0.1590988168024778, 0.01969579966675158, 1.0000000000065512e-05, 0.33877837563709134, 1.6842642793036102, -6.239137597773606, 6.639137597773697, 0.14532806189597025, 0.009306619263200443, 0.43280646136731776, 0.9714410051799441, 0.5470000000000036]
iteration = 187 , objective = 0.0985843026169, inputs = [0.7520501286871467, 0.09663904599248757, 0.12220493517140776, 0.284475881567105, 0.11189055653491305, 1.0], constraints = [0.15909881681662227, 0.01969579966705822, 1.0000000000065512e-05, 0.3387783758203591, 1.6842642795549654, -6.239137597517811, 6.639137597517902, 0.14532806188934444, 0.00930661926413287, 0.4328064614324035, 0.9714410051799441, 0.5470000000000036]
iteration = 188 , objective = 0.0985843028024, inputs = [0.7520501435883079, 0.09663904599248757, 0.12220493517140776, 0.284475881567105, 0.11189055653491305, 1.0], constraints = [0.1590988038353571, 0.019695798424286506, 1.0000000000065512e-05, 0.33877860040719954, 1.684264186582226, -6.23913859360664, 6.639138593606731, 0.1453280474382229, 0.009306619088896427, 0.4328066368369468, 0.9714413140247944, 0.5470000000000036]
iteration = 189 , objective = 0.0985843000452, inputs = [0.7520501286871467, 0.09663906089364876, 0.12220493517140776, 0.284475881567105, 0.11189055653491305, 1.0], constraints = [0.15909899683562617, 0.01969578322221722, 1.0000000000065512e-05, 0.3387779073777756, 1.684263733779797, -6.239130744613931, 6.639130744614022, 0.1453281560232252, 0.00930663293307208, 0.4328062737952109, 0.9714402040311033, 0.5470000000000036]
