Pareto Frontier. Run number: 0 
[6996.11472631] 
[[0.04229535]] 
[[1511.90929624]] 
37501.80143562498 
[ 2.11968888e+00  1.98009877e-02  1.00000000e-05  8.09070376e-02
  1.75400217e+00 -4.10005727e-01  8.10005727e-01  6.94422497e-02
  1.22953474e-02  2.10613532e-01 -2.68811176e-05  5.47000000e-01
  3.75018014e-01  2.10378014e+04] 
[0.7239836  0.1001739  0.11941    0.2329063  0.11073809 1.        ] 

 
Pareto Frontier. Run number: 1 
[6796.359978] 
[[0.04588205]] 
[[1543.5057441]] 
38359.243394798716 
[ 2.31944363e+00  9.55262991e-03  1.00000000e-05 -2.35057441e-01
  8.96560211e-01 -8.91337216e+00  9.31337216e+00  1.91554519e-01
  1.58820536e-02  2.09109534e-01  3.58148807e-01  5.47000000e-01
  3.83592434e-01  2.18952434e+04] 
[0.77065674 0.10321286 0.11456156 0.29398377 0.1125108  0.75      ] 

 
Pareto Frontier. Run number: 2 
Pareto Frontier. Run number: 0 
[6991.91372642] 
[[0.04111727]] 
[[1514.67634287]] 
37476.68972818249 
[2.12388988e+00 2.12832864e-02 1.00000000e-05 5.32365713e-02
 1.77911388e+00 1.99059297e-02 4.19905930e-01 7.26728700e-02
 1.11172725e-02 1.86764824e-01 1.54286409e-04 5.47000000e-01] 
[0.72472217 0.09843957 0.11819317 0.23517045 0.11072384 1.        ] 

 
Pareto Frontier. Run number: 1 
[6987.20977972] 
[[0.04141723]] 
[[1519.98850277]] 
37469.85981703077 
[2.12859383e+00 1.98095282e-02 1.00000000e-05 1.14972306e-04
 1.78594379e+00 4.41574605e-01 4.15746046e-02 7.08015762e-02
 1.14172315e-02 2.18872445e-01 3.83080126e-05 5.47000000e-01] 
[0.72394265 0.10017436 0.11942123 0.23290973 0.11073743 0.75      ] 

 
Pareto Frontier. Run number: 2 
[7009.88630358] 
[[0.03424871]] 
[[1519.50507128]] 
37125.70502786539 
[2.10591730e+00 2.93965184e-02 1.00000000e-05 4.94928720e-03
 2.13009858e+00 1.14042339e-01 2.85957661e-01 6.69679567e-02
 4.24871366e-03 1.32414948e-01 2.78051262e-01 5.47000000e-01] 
[0.70946233 0.09264912 0.12187593 0.25115402 0.1107384  0.5       ] 

 
Pareto Frontier. Run number: 3 
[6987.19097101] 
[[0.04141819]] 
[[1520.00004411]] 
37470.47361796962 
[ 2.12861263e+00  1.98043790e-02  1.00000000e-05  4.41106386e-07
  1.78532999e+00  4.35368575e-01  3.53685752e-02  7.08035377e-02
  1.14181946e-02  2.18958349e-01 -2.68811176e-05  5.47000000e-01] 
[0.7239836  0.1001739  0.11941    0.2329063  0.11073809 0.25      ] 

 
Pareto Frontier. Run number: 4 
