 DoE results 
DoE - parameter study. Run number: 0 
[7073.79574932] 
[ 2.08478301e+00  2.50296370e-02  9.99999994e-09 -4.54747351e-15
  2.09857876e+00  1.49139039e-03  5.08609614e-04] 
[0.98, 1.0, 1.0, 1.0, 1.0, 1.0] 
[0.72020106 0.86       0.03275    0.11       0.23       0.1088    ] 

 
DoE - parameter study. Run number: 1 
[7107.93630609] 
[2.06619385e+00 2.65256323e-02 9.99999994e-09 1.71701998e-01
 2.11413015e+00 8.48694981e-12 1.99999999e-03] 
[1.0, 0.98, 1.0, 1.0, 1.0, 1.0] 
[0.72720056 0.8428     0.03275    0.11       0.23       0.10865947] 

 
DoE - parameter study. Run number: 2 
[7068.09773634] 
[2.05407288e+00 2.44480534e-02 9.99999994e-09 1.61971000e-01
 2.06217062e+00 1.78848213e-03 2.11517874e-04] 
[1.0, 1.0, 0.98, 1.0, 1.0, 1.0] 
[0.7272   0.86     0.032095 0.11     0.23     0.1088  ] 

 
DoE - parameter study. Run number: 3 
[7045.40266011] 
[2.03132204e+00 2.41722722e-02 9.99999994e-09 1.70474410e-02
 2.01672470e+00 2.00000000e-03 2.27373675e-16] 
[1.0, 1.0, 1.0, 0.98, 1.0, 1.0] 
[0.72719937 0.86       0.03275    0.1078     0.23       0.10902593] 

 
DoE - parameter study. Run number: 4 
[7092.90876659] 
[2.03675082e+00 2.45864637e-02 9.99999994e-09 1.88006952e-01
 2.06965959e+00 2.00270733e-12 2.00000000e-03] 
[1.0, 1.0, 1.0, 1.0, 0.98, 1.0] 
[0.72720015 0.86       0.03275    0.11       0.2254     0.10875616] 

 
