Output file with compressibility drag breakdown

  VEHICLE TAG : cruise

  REFERENCE AREA ................  67.7 m2 
  MAIN WING SWEEP ...............  30.0 deg
  MAIN WING THICKNESS RATIO .....  0.16    
 
 TOTAL COMPRESSIBILITY DRAG 
  CL   |  M=0.450 | M=0.500 | M=0.550 | M=0.600 | M=0.650 | M=0.700 | M=0.750 | M=0.800 | M=0.850 | M=0.900 | M=0.950 | 
 0.300 |  0.00000 | 0.00000 | 0.00001 | 0.00005 | 0.00016 | 0.00047 | 0.00129 | 0.00333 | 0.00809 | 0.01868 | 0.04123 | 
 0.350 |  0.00000 | 0.00000 | 0.00002 | 0.00006 | 0.00019 | 0.00058 | 0.00158 | 0.00406 | 0.00987 | 0.02279 | 0.05031 | 
 0.400 |  0.00000 | 0.00001 | 0.00002 | 0.00007 | 0.00023 | 0.00069 | 0.00191 | 0.00491 | 0.01192 | 0.02753 | 0.06077 | 
 0.450 |  0.00000 | 0.00001 | 0.00002 | 0.00009 | 0.00028 | 0.00083 | 0.00228 | 0.00586 | 0.01423 | 0.03287 | 0.07254 | 
 0.500 |  0.00000 | 0.00001 | 0.00003 | 0.00010 | 0.00033 | 0.00098 | 0.00268 | 0.00690 | 0.01677 | 0.03872 | 0.08545 | 
 0.550 |  0.00000 | 0.00001 | 0.00003 | 0.00012 | 0.00038 | 0.00113 | 0.00311 | 0.00801 | 0.01947 | 0.04495 | 0.09920 | 
 0.600 |  0.00000 | 0.00001 | 0.00004 | 0.00014 | 0.00044 | 0.00130 | 0.00356 | 0.00916 | 0.02225 | 0.05138 | 0.11339 | 
 0.650 |  0.00000 | 0.00001 | 0.00004 | 0.00015 | 0.00049 | 0.00146 | 0.00400 | 0.01030 | 0.02502 | 0.05777 | 0.12750 | 
 0.700 |  0.00000 | 0.00001 | 0.00005 | 0.00017 | 0.00054 | 0.00161 | 0.00443 | 0.01138 | 0.02766 | 0.06386 | 0.14094 | 
 0.750 |  0.00000 | 0.00001 | 0.00005 | 0.00018 | 0.00059 | 0.00175 | 0.00481 | 0.01236 | 0.03004 | 0.06936 | 0.15306 | 
 0.800 |  0.00000 | 0.00001 | 0.00005 | 0.00020 | 0.00063 | 0.00187 | 0.00513 | 0.01319 | 0.03203 | 0.07397 | 0.16324 | 
-----------------------------------------------------------------------------------------------------------------------
 HORIZONTAL_STABILIZER  ( t/c: 0.110 )
  CL   |  M=0.450 | M=0.500 | M=0.550 | M=0.600 | M=0.650 | M=0.700 | M=0.750 | M=0.800 | M=0.850 | M=0.900 | M=0.950 | 
 0.300 |  0.00000 | 0.00000 | 0.00000 | 0.00000 | 0.00001 | 0.00003 | 0.00008 | 0.00021 | 0.00052 | 0.00120 | 0.00264 | 
 0.350 |  0.00000 | 0.00000 | 0.00000 | 0.00000 | 0.00001 | 0.00003 | 0.00008 | 0.00021 | 0.00052 | 0.00120 | 0.00264 | 
 0.400 |  0.00000 | 0.00000 | 0.00000 | 0.00000 | 0.00001 | 0.00003 | 0.00008 | 0.00021 | 0.00052 | 0.00120 | 0.00264 | 
 0.450 |  0.00000 | 0.00000 | 0.00000 | 0.00000 | 0.00001 | 0.00003 | 0.00008 | 0.00021 | 0.00052 | 0.00120 | 0.00264 | 
 0.500 |  0.00000 | 0.00000 | 0.00000 | 0.00000 | 0.00001 | 0.00003 | 0.00008 | 0.00021 | 0.00052 | 0.00120 | 0.00264 | 
 0.550 |  0.00000 | 0.00000 | 0.00000 | 0.00000 | 0.00001 | 0.00003 | 0.00008 | 0.00021 | 0.00052 | 0.00120 | 0.00264 | 
 0.600 |  0.00000 | 0.00000 | 0.00000 | 0.00000 | 0.00001 | 0.00003 | 0.00008 | 0.00021 | 0.00052 | 0.00120 | 0.00264 | 
 0.650 |  0.00000 | 0.00000 | 0.00000 | 0.00000 | 0.00001 | 0.00003 | 0.00008 | 0.00021 | 0.00052 | 0.00120 | 0.00264 | 
 0.700 |  0.00000 | 0.00000 | 0.00000 | 0.00000 | 0.00001 | 0.00003 | 0.00008 | 0.00021 | 0.00052 | 0.00120 | 0.00264 | 
 0.750 |  0.00000 | 0.00000 | 0.00000 | 0.00000 | 0.00001 | 0.00003 | 0.00008 | 0.00021 | 0.00052 | 0.00120 | 0.00264 | 
 0.800 |  0.00000 | 0.00000 | 0.00000 | 0.00000 | 0.00001 | 0.00003 | 0.00008 | 0.00021 | 0.00052 | 0.00120 | 0.00264 | 
-----------------------------------------------------------------------------------------------------------------------
 MAIN_WING  ( t/c: 0.155 )
  CL   |  M=0.450 | M=0.500 | M=0.550 | M=0.600 | M=0.650 | M=0.700 | M=0.750 | M=0.800 | M=0.850 | M=0.900 | M=0.950 | 
 0.300 |  0.00000 | 0.00000 | 0.00001 | 0.00004 | 0.00014 | 0.00042 | 0.00117 | 0.00300 | 0.00729 | 0.01682 | 0.03713 | 
 0.350 |  0.00000 | 0.00000 | 0.00002 | 0.00006 | 0.00018 | 0.00053 | 0.00145 | 0.00373 | 0.00907 | 0.02094 | 0.04620 | 
 0.400 |  0.00000 | 0.00000 | 0.00002 | 0.00007 | 0.00022 | 0.00065 | 0.00178 | 0.00458 | 0.01112 | 0.02568 | 0.05666 | 
 0.450 |  0.00000 | 0.00001 | 0.00002 | 0.00008 | 0.00026 | 0.00078 | 0.00215 | 0.00553 | 0.01343 | 0.03101 | 0.06844 | 
 0.500 |  0.00000 | 0.00001 | 0.00003 | 0.00010 | 0.00031 | 0.00093 | 0.00255 | 0.00657 | 0.01596 | 0.03686 | 0.08134 | 
 0.550 |  0.00000 | 0.00001 | 0.00003 | 0.00011 | 0.00037 | 0.00109 | 0.00299 | 0.00768 | 0.01866 | 0.04309 | 0.09510 | 
 0.600 |  0.00000 | 0.00001 | 0.00004 | 0.00013 | 0.00042 | 0.00125 | 0.00343 | 0.00883 | 0.02145 | 0.04952 | 0.10929 | 
 0.650 |  0.00000 | 0.00001 | 0.00004 | 0.00015 | 0.00048 | 0.00141 | 0.00387 | 0.00997 | 0.02422 | 0.05592 | 0.12340 | 
 0.700 |  0.00000 | 0.00001 | 0.00005 | 0.00016 | 0.00053 | 0.00156 | 0.00430 | 0.01105 | 0.02685 | 0.06200 | 0.13684 | 
 0.750 |  0.00000 | 0.00001 | 0.00005 | 0.00018 | 0.00058 | 0.00170 | 0.00468 | 0.01203 | 0.02923 | 0.06750 | 0.14896 | 
 0.800 |  0.00000 | 0.00001 | 0.00005 | 0.00019 | 0.00061 | 0.00182 | 0.00500 | 0.01285 | 0.03123 | 0.07211 | 0.15914 | 
-----------------------------------------------------------------------------------------------------------------------
 VERTICAL_STABILIZER  ( t/c: 0.120 )
  CL   |  M=0.450 | M=0.500 | M=0.550 | M=0.600 | M=0.650 | M=0.700 | M=0.750 | M=0.800 | M=0.850 | M=0.900 | M=0.950 | 
 0.300 |  0.00000 | 0.00000 | 0.00000 | 0.00000 | 0.00001 | 0.00002 | 0.00005 | 0.00012 | 0.00029 | 0.00066 | 0.00146 | 
 0.350 |  0.00000 | 0.00000 | 0.00000 | 0.00000 | 0.00001 | 0.00002 | 0.00005 | 0.00012 | 0.00029 | 0.00066 | 0.00146 | 
 0.400 |  0.00000 | 0.00000 | 0.00000 | 0.00000 | 0.00001 | 0.00002 | 0.00005 | 0.00012 | 0.00029 | 0.00066 | 0.00146 | 
 0.450 |  0.00000 | 0.00000 | 0.00000 | 0.00000 | 0.00001 | 0.00002 | 0.00005 | 0.00012 | 0.00029 | 0.00066 | 0.00146 | 
 0.500 |  0.00000 | 0.00000 | 0.00000 | 0.00000 | 0.00001 | 0.00002 | 0.00005 | 0.00012 | 0.00029 | 0.00066 | 0.00146 | 
 0.550 |  0.00000 | 0.00000 | 0.00000 | 0.00000 | 0.00001 | 0.00002 | 0.00005 | 0.00012 | 0.00029 | 0.00066 | 0.00146 | 
 0.600 |  0.00000 | 0.00000 | 0.00000 | 0.00000 | 0.00001 | 0.00002 | 0.00005 | 0.00012 | 0.00029 | 0.00066 | 0.00146 | 
 0.650 |  0.00000 | 0.00000 | 0.00000 | 0.00000 | 0.00001 | 0.00002 | 0.00005 | 0.00012 | 0.00029 | 0.00066 | 0.00146 | 
 0.700 |  0.00000 | 0.00000 | 0.00000 | 0.00000 | 0.00001 | 0.00002 | 0.00005 | 0.00012 | 0.00029 | 0.00066 | 0.00146 | 
 0.750 |  0.00000 | 0.00000 | 0.00000 | 0.00000 | 0.00001 | 0.00002 | 0.00005 | 0.00012 | 0.00029 | 0.00066 | 0.00146 | 
 0.800 |  0.00000 | 0.00000 | 0.00000 | 0.00000 | 0.00001 | 0.00002 | 0.00005 | 0.00012 | 0.00029 | 0.00066 | 0.00146 | 
-----------------------------------------------------------------------------------------------------------------------

 Friday, 28. September 2018 12:04:14 AM