 Pareto results 
Pareto Frontier. Run number: 0 
[6761.80567981] 
[[0.04342435]] 
[[1514.2977902]] 
37948.0495803 
[-2.62037555e-04 -3.32720325e-04  1.46235095e-02  1.00000000e-05
  5.70220980e-02  1.99775726e-02  2.24274341e-05  2.10469691e-01
  1.34243534e-02  3.06708929e-01  5.73334124e+00  2.48772408e+00] 
[1.03247044 1.         0.87132183 1.         0.98873029 1.02010886
 0.91312703] 

 
Pareto Frontier. Run number: 1 
[6802.70103964] 
[[0.04169096]] 
[[1460.1984546]] 
37846.819291 
[-2.17654662e-04 -2.86187225e-04  1.53477117e-02  1.00000000e-05
  5.98015454e-01  1.99765648e-02  2.34352473e-05  1.86544526e-01
  1.16909615e-02  6.40899294e-01  1.32126011e+01  2.89672421e+00] 
[1.03993859 1.         0.92646351 1.         0.98718028 1.01738762
 0.91139686] 

 
Pareto Frontier. Run number: 2 
[6812.61072793] 
[[0.04096351]] 
[[1459.78538025]] 
37570.8543626 
[-9.34766065e-05 -1.07038578e-04  1.79630948e-02  1.00000000e-05
  6.02146197e-01  1.99893360e-02  1.06639755e-05  1.97271053e-01
  1.09635078e-02  5.73325918e-01  1.33213445e+01  2.99600024e+00] 
[1.01011966 1.         0.96876866 1.         0.98775985 1.0099692
 0.90963669] 

 
Pareto Frontier. Run number: 3 
[6850.49635765] 
[[0.04001434]] 
[[1480.5190431]] 
37105.6035924 
[-6.01481701e-06 -1.05969043e-05  2.32622377e-02  1.00000000e-05
  3.94809569e-01  1.99979149e-02  2.08509475e-06  2.01262981e-01
  1.00143366e-02  3.10209986e-01  1.22291686e+01  3.37495298e+00] 
[0.95213923 1.         1.04783913 1.         0.98783009 0.99746246
 0.905976  ] 

 
Pareto Frontier. Run number: 4 
[6897.57445031] 
[[0.03979498]] 
[[1512.52686154]] 
36820.5024017 
[-1.21729838e-04 -2.85821854e-04  2.73801477e-02  1.00000000e-05
  7.47313846e-02  1.98767369e-02  1.23263082e-04  1.85509530e-01
  9.79497704e-03  1.36757516e-02  1.07750708e+01  3.84545868e+00] 
[0.91064975 1.         1.10495285 1.         0.98670324 0.98979845
 0.90296747] 

 
Pareto Frontier. Run number: 5 
[6975.21064857] 
[[0.03727235]] 
[[1510.86603161]] 
36725.7036079 
[-6.37128014e-06 -3.20165366e-05  3.09495772e-02  1.00000000e-05
  9.13396839e-02  1.99506485e-02  4.93514805e-05  1.26242833e-01
  7.27235032e-03 -9.15286304e-06  1.46864510e+01  4.62207447e+00] 
[0.90451319 0.97682455 1.14431185 1.         0.98288486 0.9872501
 0.90008095] 

 
Pareto Frontier. Run number: 6 
[6962.10700026] 
[[0.03770397]] 
[[1511.30888797]] 
36737.2724166 
[-1.07042263e-04 -1.99581278e-04  3.03886111e-02  1.00000000e-05
  8.69111203e-02  1.99354828e-02  6.45171512e-05  1.37115581e-01
  7.70396633e-03 -4.58457121e-05  1.39837679e+01  4.49087042e+00] 
[0.90503011 0.98079824 1.13826145 1.         0.98358371 0.98756109
 0.90054392] 

 
Pareto Frontier. Run number: 7 
[7020.28942219] 
[[0.03477481]] 
[[1518.26364699]] 
36643.2227568 
[-1.86548910e-04 -3.87557004e-04  3.32070508e-02  1.00000000e-05
  1.73635301e-02  1.97557328e-02  2.44267185e-04  8.33231145e-02
  4.77480619e-03 -6.75807140e-05  1.74413455e+01  5.07250666e+00] 
[0.90225395 0.96146623 1.1683784  1.         0.98078331 0.98503287
 0.89823957] 

 
Pareto Frontier. Run number: 8 
[7080.71176784] 
[[0.03285996]] 
[[1517.40441573]] 
36618.4655954 
[-2.10819108e-04 -5.08070372e-04  3.54807143e-02  1.00000000e-05
  2.59558427e-02  1.95551334e-02  4.44866640e-04  2.26383318e-02
  2.85995519e-03 -7.35168715e-05  2.08691176e+01  2.19988256e+00] 
[0.90243358 0.94367195 1.19269957 1.         0.97689368 0.98436735
 0.89626255] 

 
Pareto Frontier. Run number: 9 
[7101.26735753] 
[[0.03222136]] 
[[1517.25006821]] 
36613.6854129 
[-1.83766970e-07 -4.18523741e-07  3.62001993e-02  1.00000000e-05
  2.74993179e-02  1.99997137e-02  2.86275190e-07 -3.91963461e-08
  2.22135888e-03 -9.36422475e-08  2.20635426e+01  1.16602600e+00] 
[0.90281629 0.93773218 1.20051754 1.         0.97543814 0.98423886
 0.8956098 ] 

 
Total run time: 23989.777