Generated by GetData Graph Digitizer 2.24 on August 13 2018, 23:20
from file 'C:\Users\geova\OneDrive\TCC\5_SUAVE\1_code\Data\TOFL_ISA15.bmp'

Line #1
 2.31008122312470e+004    7.69067045051437e+002
 2.40152890587673e+004    7.70344093650231e+002
 2.50033444816054e+004    7.81837531039376e+002
 2.60019111323459e+004    8.39304717985101e+002
 2.70425226946966e+004    9.05711245122384e+002
 2.80516005733397e+004    9.70840723660873e+002
 2.92393693263258e+004    1.05129478538489e+003
 3.01328236980411e+004    1.11259311812700e+003
 3.11419015766842e+004    1.18155374246187e+003
 3.21825131390349e+004    1.26583894998226e+003
 3.30129001433349e+004    1.33352252571834e+003
 3.35384615384615e+004    1.37566512947854e+003
 3.40745341614907e+004    1.41780773323874e+003
 3.45685618729097e+004    1.45867328840014e+003
 3.49890109890110e+004    1.49315360056758e+003
 3.52938365981844e+004    1.51741752394466e+003
 3.55986622073579e+004    1.54168144732175e+003
 3.59980888676541e+004    1.57360766229159e+003
 3.65972288580984e+004    1.62724370344094e+003
 3.71753463927377e+004    1.67960269599149e+003
 3.77955088389871e+004    1.73451578573962e+003
 3.80162446249403e+004    1.75494856332033e+003
 3.82054467271859e+004    1.77282724370344e+003
 3.84156712852365e+004    1.79198297268535e+003
 3.85628284758720e+004    1.80603050727208e+003
 3.85943621595796e+004    1.80858460446967e+003

Line 2 6000
 2.10931677018634e+004    7.65235899255055e+002
 2.16607740086001e+004    8.12486697410429e+002
 2.29956999522217e+004    9.18481731110323e+002
 2.37104634495939e+004    9.73394820858460e+002
 2.45618729096990e+004    1.03980134799574e+003
 2.50243669374104e+004    1.07555870876197e+003
 2.60334448160535e+004    1.16495211067755e+003
 2.70215002388915e+004    1.25051436679674e+003
 2.75365504061156e+004    1.29521106775452e+003
 2.78518872431916e+004    1.32202908832919e+003
 2.83669374104157e+004    1.37183398368216e+003
 2.88609651218347e+004    1.42036183043632e+003
 2.92919254658385e+004    1.46122738559773e+003
 2.99015766841854e+004    1.52124866974104e+003
 3.00172001911132e+004    1.53146505853139e+003
 3.00802675585284e+004    1.53912735012416e+003
 3.01958910654563e+004    1.54934373891451e+003
 3.03220258002867e+004    1.56211422490245e+003
 3.04376493072145e+004    1.57360766229159e+003
 3.05532728141424e+004    1.58510109968074e+003
 3.06794075489728e+004    1.59659453706988e+003
 3.07740086000956e+004    1.60553387726144e+003
 3.08791208791209e+004    1.61702731465059e+003
 3.10052556139513e+004    1.62852075203973e+003
 3.10998566650741e+004    1.63746009223129e+003
 3.12049689440994e+004    1.64895352962043e+003
 3.13100812231247e+004    1.65789286981199e+003
 3.14046822742475e+004    1.66683221000355e+003
 3.14572384137602e+004    1.67194040439872e+003
 3.15097945532728e+004    1.67832564739269e+003
 3.15623506927855e+004    1.68215679318907e+003
 3.16359292881032e+004    1.68854203618304e+003
 3.16989966555184e+004    1.69620432777581e+003
 3.17725752508361e+004    1.70258957076978e+003
 3.18356426182513e+004    1.70897481376375e+003
 3.18987099856665e+004    1.71408300815892e+003
 3.19407548972766e+004    1.71919120255410e+003
 3.19617773530817e+004    1.72174529975169e+003
 3.19933110367893e+004    1.72429939694927e+003
 3.20038222646918e+004    2.09592053919830e+003
 3.20248447204969e+004    2.09975168499468e+003
 3.20458671763020e+004    2.10230578219227e+003
 3.20668896321070e+004    2.10613692798865e+003
 3.20984233158146e+004    2.10869102518624e+003
 3.21299569995222e+004    2.11507626818021e+003
 3.21930243669374e+004    2.12273855977297e+003
 3.22245580506450e+004    2.12784675416814e+003
 3.23086478738653e+004    2.13934019155729e+003
 3.23506927854754e+004    2.14444838595247e+003
 3.24137601528906e+004    2.15466477474282e+003
 3.24663162924033e+004    2.16105001773679e+003
 3.25083612040134e+004    2.16743526073076e+003
 3.25398948877210e+004    2.17254345512593e+003
 3.25819397993311e+004    2.17765164952111e+003
 3.26344959388438e+004    2.18403689251508e+003
 3.26765408504539e+004    2.18914508691025e+003
 3.27501194457716e+004    2.19936147570060e+003
 3.28131868131868e+004    2.20957786449095e+003
 3.28657429526995e+004    2.21596310748492e+003
 3.29288103201147e+004    2.22490244767648e+003
 3.30023889154324e+004    2.23511883646683e+003
 3.30654562828476e+004    2.24405817665839e+003
 3.32021022455805e+004    2.26321390564030e+003
 3.34438604873387e+004    2.29641716920894e+003
 3.38012422360248e+004    2.34877616175949e+003
 3.40430004777831e+004    2.38197942532813e+003
 3.46946966077401e+004    2.49180560482441e+003
 3.49995222169135e+004    2.54033345157857e+003
 3.51361681796464e+004    2.56204327775807e+003
 3.52202580028667e+004    2.57736786094360e+003
 3.52728141423794e+004    2.58503015253636e+003
 3.53253702818920e+004    2.59396949272792e+003
 3.53884376493072e+004    2.60546293011706e+003
 3.54409937888199e+004    2.61312522170983e+003
 3.54830387004300e+004    2.62206456190138e+003
 3.55250836120401e+004    2.62844980489535e+003
 3.55776397515528e+004    2.63611209648812e+003
 3.56091734352604e+004    2.64249733948209e+003
 3.56722408026756e+004    2.65143667967364e+003
 3.57037744863832e+004    2.65782192266761e+003
 3.57458193979933e+004    2.66420716566158e+003
 3.57878643096034e+004    2.66931536005676e+003
 3.58193979933110e+004    2.67570060305073e+003
 3.58509316770186e+004    2.68080879744590e+003
 3.58824653607262e+004    2.68463994324228e+003
 3.59034878165313e+004    2.68974813763746e+003
 3.59245102723364e+004    2.69357928343384e+003
 3.59455327281414e+004    2.69868747782902e+003
 3.59770664118490e+004    2.70124157502661e+003
 3.59980888676541e+004    2.70507272082299e+003
 3.60086000955566e+004    2.98730046115644e+003
 3.60506450071668e+004    2.99623980134800e+003
 3.60821786908743e+004    3.00390209294076e+003
 3.61347348303870e+004    3.01411848173111e+003
 3.61662685140946e+004    3.02050372472508e+003
 3.61978021978022e+004    3.02688896771905e+003
 3.62398471094123e+004    3.03710535650940e+003
 3.62818920210225e+004    3.04732174529975e+003
 3.63344481605351e+004    3.05626108549131e+003
 3.63659818442427e+004    3.06392337708407e+003
 3.64080267558528e+004    3.07413976587442e+003
 3.64500716674630e+004    3.08052500886839e+003
 3.64710941232680e+004    3.08818730046116e+003
 3.65131390348782e+004    3.09584959205392e+003
 3.65762064022934e+004    3.10862007804186e+003
 3.66287625418060e+004    3.11883646683221e+003
 3.66813186813187e+004    3.13032990422136e+003
 3.67548972766364e+004    3.14693153600568e+003
 3.68179646440516e+004    3.15970202199361e+003
 3.68705207835643e+004    3.17247250798155e+003
 3.69966555183946e+004    3.20056757715502e+003

Line 3 8000
 2.00000000000000e+004    7.95885065626109e+002
 2.02417582417582e+004    8.13763746009223e+002
 2.03573817486861e+004    8.23980134799574e+002
 2.06201624462494e+004    8.43135863781483e+002
 2.09039655996178e+004    8.64845689960979e+002
 2.10195891065456e+004    8.75062078751330e+002
 2.12718585762064e+004    8.94217807733239e+002
 2.14925943621596e+004    9.12096488116353e+002
 2.20917343526039e+004    9.58070237672934e+002
 2.27854753941710e+004    1.01681447321745e+003
 2.33110367892977e+004    1.06023412557645e+003
 2.35633062589584e+004    1.08066690315715e+003
 2.48666985188724e+004    1.18793898545584e+003
 2.52135690396560e+004    1.22369634622206e+003
 2.59808886765409e+004    1.30031926214970e+003
 2.70109890109890e+004    1.39992905285562e+003
 2.80200668896321e+004    1.49953884356155e+003
 2.81882465360726e+004    1.51869457254346e+003
 2.82723363592929e+004    1.52763391273501e+003
 2.83248924988055e+004    1.53401915572898e+003
 2.84405160057334e+004    1.54551259311813e+003
 2.85035833731486e+004    1.55317488471089e+003
 2.85771619684663e+004    1.56211422490245e+003
 2.86717630195891e+004    1.57105356509400e+003
 2.87873865265170e+004    1.58254700248315e+003
 2.88609651218347e+004    1.59020929407591e+003
 2.89345437171524e+004    1.59914863426747e+003
 2.89976110845676e+004    1.60553387726144e+003
 2.90922121356904e+004    1.61575026605179e+003
 2.91868131868132e+004    1.62596665484214e+003
 2.93024366937410e+004    1.63618304363249e+003
 2.94180602006689e+004    1.65023057821923e+003
 2.95126612517917e+004    1.65916991841078e+003
 2.95967510750119e+004    1.66810925860234e+003
 2.96703296703297e+004    1.67577155019510e+003
 2.97333970377449e+004    1.68215679318907e+003
 2.98069756330626e+004    1.68981908478184e+003
 2.98385093167702e+004    1.69492727917701e+003
 2.98910654562828e+004    1.70003547357219e+003
 2.99331103678930e+004    1.70514366796736e+003
 2.99751552795031e+004    1.70897481376375e+003
 3.00066889632107e+004    1.71152891096133e+003
 3.00172001911132e+004    2.06654842142604e+003
 3.00382226469183e+004    2.07037956722242e+003
 3.00697563306259e+004    2.07548776161759e+003
 3.01223124701386e+004    2.08187300461156e+003
 3.01748686096512e+004    2.08953529620433e+003
 3.02169135212613e+004    2.09719758779709e+003
 3.02694696607740e+004    2.10485987938985e+003
 3.03325370281892e+004    2.11379921958141e+003
 3.03850931677019e+004    2.12146151117418e+003
 3.04376493072145e+004    2.13040085136573e+003
 3.05007166746297e+004    2.13934019155729e+003
 3.05322503583373e+004    2.14444838595247e+003
 3.05848064978500e+004    2.15338772614402e+003
 3.06268514094601e+004    2.15849592053920e+003
 3.06688963210702e+004    2.16615821213196e+003
 3.07004300047778e+004    2.17126640652714e+003
 3.07214524605829e+004    2.17637460092231e+003
 3.07634973721930e+004    2.18148279531749e+003
 3.07950310559006e+004    2.18659098971266e+003
 3.09106545628285e+004    2.20446967009578e+003
 3.10367892976589e+004    2.22362539907769e+003
 3.12049689440994e+004    2.24788932245477e+003
 3.13626373626374e+004    2.27343029443065e+003
 3.15308170090779e+004    2.30152536360411e+003
 3.17515527950311e+004    2.33472862717276e+003
 3.20038222646918e+004    2.37304008513657e+003
 3.22140468227425e+004    2.40496630010642e+003
 3.23822264691830e+004    2.43178432068109e+003
 3.24558050645007e+004    2.44072366087265e+003
 3.25083612040134e+004    2.44966300106421e+003
 3.26029622551362e+004    2.46626463284853e+003
 3.26660296225514e+004    2.47392692444129e+003
 3.27080745341615e+004    2.48031216743526e+003
 3.27711419015767e+004    2.49180560482441e+003
 3.28131868131868e+004    2.49691379921958e+003
 3.28447204968944e+004    2.50329904221355e+003
 3.28972766364071e+004    2.50968428520752e+003
 3.29288103201147e+004    2.51606952820149e+003
 3.29603440038223e+004    2.51990067399787e+003
 3.29813664596273e+004    2.52500886839305e+003
 3.29918776875299e+004    2.52756296559064e+003
 3.30234113712375e+004    2.80851365732529e+003
 3.30759675107501e+004    2.81873004611564e+003
 3.31390348781653e+004    2.83277758070238e+003
 3.31915910176780e+004    2.84682511528911e+003
 3.32651696129957e+004    2.86087264987584e+003
 3.33177257525084e+004    2.87236608726499e+003
 3.33597706641185e+004    2.88513657325293e+003
 3.34333492594362e+004    2.90301525363604e+003
 3.34964166268514e+004    2.91450869102519e+003
 3.35699952221691e+004    2.93366442000709e+003
 3.36540850453894e+004    2.95537424618659e+003
 3.37802197802198e+004    2.98219226676126e+003
 3.38537983755375e+004    3.00007094714438e+003
 3.39063545150502e+004    3.01411848173111e+003
 3.39799331103679e+004    3.02944306491664e+003
 3.40009555661730e+004    3.03455125931181e+003
