Generated by GetData Graph Digitizer 2.24 on August 02 2018, 20:54
from file 'C:\Users\geova\OneDrive\TCC\5_SUAVE\1_code\Data\TOFL_ISA0.bmp'

Line #1
 2.00525812619503e+004    7.43644923986338e+002
 2.04206500956023e+004    7.75561095226399e+002
 2.09990439770554e+004    8.22795074548077e+002
 2.19980879541109e+004    9.08329680678837e+002
 2.29971319311663e+004    9.87476777938057e+002
 2.39961759082218e+004    1.06534637342297e+003
 2.49005736137667e+004    1.13811145775518e+003
 2.59942638623327e+004    1.23386058213587e+003
 2.69933078393881e+004    1.32578269713817e+003
 2.79923518164436e+004    1.42664732456063e+003
 2.87284894837476e+004    1.50069968123522e+003
 2.89808795411090e+004    1.52751256264359e+003
 2.93173996175908e+004    1.56070806763947e+003
 2.96328871892925e+004    1.59518229573067e+003
 2.99904397705545e+004    1.62965408117985e+003
 3.00114722753346e+004    1.94519579811292e+003
 3.01692160611855e+004    1.96945917191722e+003
 3.03690248565966e+004    1.99755260840242e+003
 3.05688336520076e+004    2.02564604488762e+003
 3.07055449330784e+004    2.04607813468999e+003
 3.08948374760994e+004    2.07289468006139e+003
 3.10000000000000e+004    2.08694109297374e+003
 3.11787762906310e+004    2.11248074723133e+003
 3.13049713193117e+004    2.13163594591991e+003
 3.14101338432122e+004    2.14568235883225e+003
 3.15258126195029e+004    2.16356066640702e+003
 3.16204588910134e+004    2.17760768997988e+003
 3.18623326959847e+004    2.21080869092029e+003
 3.21567877629063e+004    2.25550415452696e+003
 3.24091778202677e+004    2.29636955545272e+003
 3.27246653919694e+004    2.34617380483562e+003
 3.29875717017208e+004    2.38703859510087e+003
 3.32189292543021e+004    2.42535021379903e+003
 3.33766730401530e+004    2.44833608582901e+003
 3.35449330783939e+004    2.47643135429573e+003
 3.37342256214149e+004    2.50452540144143e+003
 3.38288718929254e+004    2.52112742856290e+003
 3.39130019120459e+004    2.53517506279626e+003
 3.39866156787763e+004    2.54539080236719e+003
 3.40181644359465e+004    2.85709940331684e+003
 3.41233269598470e+004    2.87497832155211e+003
 3.41969407265774e+004    2.89030406822028e+003
 3.42705544933078e+004    2.90435231311414e+003
 3.43652007648184e+004    2.91967683846130e+003
 3.44598470363289e+004    2.93755636735708e+003
 3.45650095602294e+004    2.95543528559235e+003
 3.46701720841300e+004    2.97459170560193e+003
 3.47858508604207e+004    2.99502501672531e+003
 3.48910133843212e+004    3.01545893850920e+003
 3.49856596558317e+004    3.03206096563067e+003

Line 2 6000
 2.10200764818356e+004    7.41033739671356e+002
 2.12829827915870e+004    7.57625996224761e+002
 2.16089866156788e+004    7.79324595912374e+002
 2.19980879541109e+004    8.06129538734196e+002
 2.25344168260038e+004    8.39313441180502e+002
 2.30391969407266e+004    8.72499175608320e+002
 2.34913957934990e+004    9.08242966887273e+002
 2.38594646271511e+004    9.37604134578719e+002
 2.43011472275335e+004    9.72071034743869e+002
 2.47848948374761e+004    1.01036799758993e+003
 2.52370936902486e+004    1.04611178886888e+003
 2.55630975143403e+004    1.07036539210511e+003
 2.61520076481836e+004    1.11632125899198e+003
 2.67198852772467e+004    1.15844584187693e+003
 2.71405353728490e+004    1.19163646158878e+003
 2.76453154875717e+004    1.22993220311383e+003
 2.80133843212237e+004    1.25929337080527e+003
 2.84971319311663e+004    1.30142283897425e+003
 2.89703632887189e+004    1.34610792135236e+003
 2.96013384321224e+004    1.40228135979167e+003
 2.99904397705545e+004    1.43675131325934e+003
 3.05057361376673e+004    1.48909896364127e+003
 3.10000000000000e+004    1.53889283179560e+003
 3.14206500956023e+004    1.58485846925053e+003
 3.16730401529637e+004    1.60911634711029e+003
 3.18307839388145e+004    1.62571471026873e+003
 3.19885277246654e+004    1.63975806987856e+003
 3.20095602294455e+004    1.96935230632902e+003
 3.21883365200765e+004    1.99361445881231e+003
 3.23355640535373e+004    2.01404593795418e+003
 3.25353728489484e+004    2.03958437089076e+003
 3.26720841300191e+004    2.05618395537022e+003
 3.28613766730402e+004    2.08172299896731e+003
 3.30506692160612e+004    2.10726204256439e+003
 3.32189292543021e+004    2.13024730393387e+003
 3.33977055449331e+004    2.15706445996578e+003
 3.36606118546845e+004    2.19281924313380e+003
 3.39445506692161e+004    2.23240531030374e+003
 3.41128107074570e+004    2.25411306989892e+003
 3.42284894837476e+004    2.27199137747368e+003
 3.45334608030593e+004    2.32307373929139e+003
 3.49225621414914e+004    2.38692623356814e+003
 3.51854684512428e+004    2.43162352915633e+003
 3.55009560229445e+004    2.48653778563645e+003
 3.59636711281071e+004    2.56571602658137e+003
 3.61739961759082e+004    2.60019636127761e+003
 3.64263862332696e+004    2.64872677284922e+003
 3.69732313575526e+004    2.75217266222196e+003

Line 3 2000
 2.29866156787763e+004    7.47307055028654e+002
 2.39856596558317e+004    7.52359049378008e+002
 2.44483747609943e+004    7.93212237093690e+002
 2.50372848948375e+004    8.21283079140244e+002
 2.59942638623327e+004    8.83825095975476e+002
 2.65095602294455e+004    9.18287721517098e+002
 2.69933078393881e+004    9.51474677265924e+002
 2.74875717017208e+004    9.83383520579937e+002
 2.79923518164436e+004    1.01656925500776e+003
 2.86443594646272e+004    1.06635396325452e+003
 2.93804971319312e+004    1.12252129508880e+003
 2.99904397705545e+004    1.16719843888035e+003
 3.06003824091778e+004    1.21315308444621e+003
 3.12313575525813e+004    1.26038401046536e+003
 3.20095602294455e+004    1.31910390320624e+003
 3.26089866156788e+004    1.37272417007845e+003
 3.31032504780115e+004    1.41485302758693e+003
 3.36080305927342e+004    1.45825877620921e+003
 3.42705544933078e+004    1.51570788444132e+003
 3.50277246653920e+004    1.58081650737474e+003
 3.55640535372849e+004    1.62677542756413e+003
 3.58059273422562e+004    1.64592390898716e+003
 3.61108986615679e+004    1.67273373709301e+003
 3.64053537284895e+004    1.69954417585937e+003
 3.66472275334608e+004    1.72124766083101e+003
 3.69942638623327e+004    1.75061004984347e+003
 3.70152963671128e+004    2.15557689097810e+003
 3.71414913957935e+004    2.17217708611806e+003
 3.73728489483748e+004    2.20026869062175e+003
 3.75831739961759e+004    2.22580651289783e+003
 3.78040152963671e+004    2.25262122628771e+003
 3.80038240917782e+004    2.27688215744999e+003
 3.82141491395793e+004    2.30114247795176e+003
 3.83929254302103e+004    2.32284962688643e+003
 3.85506692160612e+004    2.34072549181918e+003
