 Pareto results 
Pareto Frontier. Run number: 0 
[6776.0407209] 
[[0.04289651]] 
[[1520.01525823]] 
37658.2578604 
[-1.02749852e-04 -6.62225431e-04  1.75219833e-02  1.00000000e-05
 -1.52582333e-04  1.97853858e-02  2.14614245e-04  2.20002693e-01
  1.28965098e-02  1.94425471e-01  3.55512119e+00  2.62974498e+00] 
[1.00025672 0.99860667 0.89321119 0.97439809 0.98922865 1.01231876
 0.91118492] 

 
Pareto Frontier. Run number: 1 
[6777.22157396] 
[[0.04241857]] 
[[1520.00000173]] 
37586.8745226 
[-9.27850488e-08 -1.61677090e-07  1.85274283e-02  1.00000000e-05
 -1.72842488e-08  1.99999301e-02  6.99450311e-08  2.23317976e-01
  1.24185738e-02  1.75451977e-01  3.69900707e+00  2.64221558e+00] 
[0.99360732 0.99427774 0.90155993 0.9797496  0.98941688 1.01039985
 0.91076867] 

 
Pareto Frontier. Run number: 2 
[6782.68419035] 
[[0.04106725]] 
[[1520.00004888]] 
37425.6123097 
[ 5.34037099e-07 -9.83391983e-07  2.10831563e-02  1.00000000e-05
 -4.88845214e-07  1.99984914e-02  1.50859853e-06  2.28775160e-01
  1.10672537e-02  1.32094951e-01  4.22952021e+00  2.69684092e+00] 
[0.9790336  0.98181014 0.92093156 0.99394233 0.9897199  1.00606485
 0.90974325] 

 
Pareto Frontier. Run number: 3 
[6805.04749027] 
[[0.03940575]] 
[[1520.00127522]] 
37153.5405361 
[ 8.13844716e-06 -2.27795475e-05  2.47917607e-02  1.00000000e-05
 -1.27521862e-05  1.99667109e-02  3.32891278e-05  2.30192162e-01
  9.40574647e-03  5.77671352e-02  4.82692746e+00  2.92045212e+00] 
[0.95058332 0.97334464 0.96424183 1.         0.98971892 0.99875109
 0.90759994] 

 
Pareto Frontier. Run number: 4 
[6841.93977481] 
[[0.03776615]] 
[[1520.00003446]] 
36944.6782109 
[-1.24081689e-06 -1.84597615e-06  2.80740219e-02  1.00000000e-05
 -3.44643800e-07  1.99993819e-02  6.18076137e-07  2.17238107e-01
  7.76614634e-03 -2.24686783e-07  5.89916537e+00  3.28939590e+00] 
[0.92816721 0.96574151 1.00625071 1.         0.98881918 0.99313651
 0.90533979] 

 
Pareto Frontier. Run number: 5 
[6958.93050417] 
[[0.0328002]] 
[[1509.96439524]] 
36696.2830012 
[-1.91650710e-04 -3.30110361e-04  3.43115108e-02  1.00000000e-05
  1.00356048e-01  1.98537903e-02  1.46209655e-04  1.39979452e-01
  2.80019574e-03 -5.29165509e-05  1.16162295e+01  1.21231744e+00] 
[0.90686812 0.93413465 1.08324189 1.         0.98380804 0.98645922
 0.90040504] 

 
Pareto Frontier. Run number: 6 
[6978.20586531] 
[[0.03203931]] 
[[1509.00723389]] 
36672.5744663 
[ 3.97332769e-08 -2.30259284e-07  3.51493450e-02  1.00000000e-05
  1.09927661e-01  1.99998281e-02  1.71931174e-07  1.24525627e-01
  2.03931334e-03 -1.55589100e-07  1.25890286e+01 -1.26244704e-07] 
[0.90496099 0.92906326 1.09367709 1.         0.98281121 0.98582189
 0.89968439] 

 
Pareto Frontier. Run number: 7 
[6987.78086443] 
[[0.03195897]] 
[[1508.77053185]] 
36666.6325508 
[ 4.51029122e-06 -1.21363168e-05  3.53037531e-02  1.00000000e-05
  1.12294682e-01  1.99845700e-02  1.54299513e-05  1.16464717e-01
  1.95897057e-03 -8.89335267e-06  1.28925864e+01 -3.51990552e-05] 
[0.90400545 0.92924598 1.09863342 0.99726469 0.9822902  0.98566217
 0.89936003] 

 
Pareto Frontier. Run number: 8 
[7032.3849709] 
[[0.03160461]] 
[[1508.0243574]] 
36647.8947836 
[-5.48341632e-09 -1.19990364e-08  3.59734625e-02  1.00000000e-05
  1.19756426e-01  2.00000019e-02 -1.94002041e-09  7.62230995e-02
  1.60461146e-03 -3.55409611e-09  1.43341578e+01  6.11717041e-08] 
[0.9005379  0.92960571 1.12007593 0.98544002 0.9796917  0.98515846
 0.89789938] 

 
Pareto Frontier. Run number: 9 
[7080.46355174] 
[[0.03144981]] 
[[1517.17460671]] 
36612.0583144 
[-1.52293001e-04 -5.96722106e-04  3.59988596e-02  1.00000000e-05
  2.82539329e-02  1.94301309e-02  5.69869147e-04  2.34046060e-02
  1.44981070e-03 -7.23915743e-05  1.53636927e+01  1.42505280e-03] 
[0.8965584  0.93907111 1.14401747 0.96318814 0.97693724 0.98419512
 0.89623293] 

 
Total run time: 37259.609