 Pareto results 
Pareto Frontier. Run number: 0 
[2008.59597287] 
[[0.03948439]] 
[[1390.77497403]] 
23008.852466714765 
[1.93578203e-04 9.80642180e-03 6.24956655e-02 3.98301019e-04
 2.25025972e-03 4.02343881e-01 2.34388138e-03 1.21475856e-02
 8.43874202e-05 1.07394758e-03 1.37927099e-03 3.13409784e-03] 
[0.99997133 0.99996978 1.00019489 0.99999818 0.21973878] 

 
Pareto Frontier. Run number: 1 
[2012.0106018] 
[[0.03990255]] 
[[1389.71196027]] 
22968.305706789473 
[-4.40413587e-08  1.00000440e-02  6.24889450e-02 -2.52480232e-08
  1.28803973e-02  4.00000010e-01  1.04744800e-08  1.21475856e-02
  5.02550153e-04 -1.76487724e-06  3.70960826e-01  7.66211838e-02] 
[1.00166189 1.0018285  1.04359027 1.00000526 0.30026394] 

 
Pareto Frontier. Run number: 2 
[2010.11096118] 
[[0.03959905]] 
[[1389.94949142]] 
22985.766066499065 
[ 1.76771958e-03  8.23228042e-03  6.28081870e-02 -1.37018810e-08
  1.05050858e-02  4.00000906e-01  9.05867410e-07  1.21475856e-02
  1.99052938e-04 -3.48701786e-06  1.59661676e-01  2.53469925e-02] 
[0.99961131 0.99979513 1.01995979 1.00000525 0.29696702] 

 
Pareto Frontier. Run number: 3 
[2001.64332] 
[[0.04188252]] 
[[1391.04836821]] 
23102.848690260766 
[3.44420155e-03 6.55579845e-03 5.40168788e-02 9.73100613e-03
 4.83682067e-04 4.00264856e-01 2.64855606e-04 1.21475856e-02
 2.48251571e-03 3.29159320e-02 1.81181500e-01 4.16224123e-01] 
[1.01109802 1.0506478  1.03045614 1.00000446 0.12718804] 

 
Pareto Frontier. Run number: 4 
