Output file with compressibility drag breakdown

  VEHICLE TAG : cruise

  REFERENCE AREA ................  61.0 m2 
  MAIN WING SWEEP ...............   3.0 deg
  MAIN WING THICKNESS RATIO .....  0.14    
 
 TOTAL COMPRESSIBILITY DRAG 
  CL   |  M=0.450 | M=0.500 | M=0.550 | M=0.600 | M=0.650 | M=0.700 | M=0.750 | M=0.800 | M=0.850 | M=0.900 | M=0.950 | 
 0.300 |  0.00000 | 0.00002 | 0.00006 | 0.00023 | 0.00074 | 0.00218 | 0.00598 | 0.01537 | 0.03734 | 0.08623 | 0.19031 | 
 0.350 |  0.00000 | 0.00002 | 0.00007 | 0.00027 | 0.00086 | 0.00256 | 0.00703 | 0.01808 | 0.04392 | 0.10141 | 0.22380 | 
 0.400 |  0.00000 | 0.00002 | 0.00009 | 0.00031 | 0.00102 | 0.00300 | 0.00825 | 0.02122 | 0.05155 | 0.11904 | 0.26272 | 
 0.450 |  0.00001 | 0.00003 | 0.00010 | 0.00037 | 0.00119 | 0.00352 | 0.00965 | 0.02484 | 0.06034 | 0.13933 | 0.30749 | 
 0.500 |  0.00001 | 0.00003 | 0.00012 | 0.00043 | 0.00138 | 0.00410 | 0.01125 | 0.02895 | 0.07034 | 0.16241 | 0.35843 | 
 0.550 |  0.00001 | 0.00003 | 0.00014 | 0.00050 | 0.00161 | 0.00475 | 0.01305 | 0.03358 | 0.08158 | 0.18838 | 0.41574 | 
 0.600 |  0.00001 | 0.00004 | 0.00016 | 0.00057 | 0.00185 | 0.00548 | 0.01505 | 0.03873 | 0.09408 | 0.21725 | 0.47945 | 
 0.650 |  0.00001 | 0.00005 | 0.00018 | 0.00066 | 0.00212 | 0.00628 | 0.01725 | 0.04438 | 0.10780 | 0.24892 | 0.54936 | 
 0.700 |  0.00001 | 0.00005 | 0.00021 | 0.00075 | 0.00241 | 0.00715 | 0.01963 | 0.05049 | 0.12265 | 0.28321 | 0.62502 | 
 0.750 |  0.00001 | 0.00006 | 0.00024 | 0.00084 | 0.00273 | 0.00807 | 0.02216 | 0.05701 | 0.13848 | 0.31977 | 0.70571 | 
 0.800 |  0.00001 | 0.00007 | 0.00026 | 0.00095 | 0.00305 | 0.00904 | 0.02482 | 0.06385 | 0.15510 | 0.35815 | 0.79041 | 
-----------------------------------------------------------------------------------------------------------------------
 HORIZONTAL_STABILIZER  ( t/c: 0.120 )
  CL   |  M=0.450 | M=0.500 | M=0.550 | M=0.600 | M=0.650 | M=0.700 | M=0.750 | M=0.800 | M=0.850 | M=0.900 | M=0.950 | 
 0.300 |  0.00000 | 0.00000 | 0.00001 | 0.00003 | 0.00011 | 0.00031 | 0.00086 | 0.00222 | 0.00540 | 0.01247 | 0.02751 | 
 0.350 |  0.00000 | 0.00000 | 0.00001 | 0.00003 | 0.00011 | 0.00031 | 0.00086 | 0.00222 | 0.00540 | 0.01247 | 0.02751 | 
 0.400 |  0.00000 | 0.00000 | 0.00001 | 0.00003 | 0.00011 | 0.00031 | 0.00086 | 0.00222 | 0.00540 | 0.01247 | 0.02751 | 
 0.450 |  0.00000 | 0.00000 | 0.00001 | 0.00003 | 0.00011 | 0.00031 | 0.00086 | 0.00222 | 0.00540 | 0.01247 | 0.02751 | 
 0.500 |  0.00000 | 0.00000 | 0.00001 | 0.00003 | 0.00011 | 0.00031 | 0.00086 | 0.00222 | 0.00540 | 0.01247 | 0.02751 | 
 0.550 |  0.00000 | 0.00000 | 0.00001 | 0.00003 | 0.00011 | 0.00031 | 0.00086 | 0.00222 | 0.00540 | 0.01247 | 0.02751 | 
 0.600 |  0.00000 | 0.00000 | 0.00001 | 0.00003 | 0.00011 | 0.00031 | 0.00086 | 0.00222 | 0.00540 | 0.01247 | 0.02751 | 
 0.650 |  0.00000 | 0.00000 | 0.00001 | 0.00003 | 0.00011 | 0.00031 | 0.00086 | 0.00222 | 0.00540 | 0.01247 | 0.02751 | 
 0.700 |  0.00000 | 0.00000 | 0.00001 | 0.00003 | 0.00011 | 0.00031 | 0.00086 | 0.00222 | 0.00540 | 0.01247 | 0.02751 | 
 0.750 |  0.00000 | 0.00000 | 0.00001 | 0.00003 | 0.00011 | 0.00031 | 0.00086 | 0.00222 | 0.00540 | 0.01247 | 0.02751 | 
 0.800 |  0.00000 | 0.00000 | 0.00001 | 0.00003 | 0.00011 | 0.00031 | 0.00086 | 0.00222 | 0.00540 | 0.01247 | 0.02751 | 
-----------------------------------------------------------------------------------------------------------------------
 MAIN_WING  ( t/c: 0.142 )
  CL   |  M=0.450 | M=0.500 | M=0.550 | M=0.600 | M=0.650 | M=0.700 | M=0.750 | M=0.800 | M=0.850 | M=0.900 | M=0.950 | 
 0.300 |  0.00000 | 0.00001 | 0.00005 | 0.00019 | 0.00062 | 0.00182 | 0.00501 | 0.01288 | 0.03129 | 0.07226 | 0.15947 | 
 0.350 |  0.00000 | 0.00002 | 0.00006 | 0.00023 | 0.00075 | 0.00221 | 0.00606 | 0.01559 | 0.03786 | 0.08743 | 0.19296 | 
 0.400 |  0.00000 | 0.00002 | 0.00008 | 0.00028 | 0.00090 | 0.00265 | 0.00728 | 0.01873 | 0.04550 | 0.10507 | 0.23188 | 
 0.450 |  0.00000 | 0.00002 | 0.00009 | 0.00033 | 0.00107 | 0.00316 | 0.00869 | 0.02235 | 0.05429 | 0.12535 | 0.27664 | 
 0.500 |  0.00001 | 0.00003 | 0.00011 | 0.00039 | 0.00127 | 0.00375 | 0.01029 | 0.02646 | 0.06428 | 0.14844 | 0.32759 | 
 0.550 |  0.00001 | 0.00003 | 0.00013 | 0.00046 | 0.00149 | 0.00440 | 0.01209 | 0.03109 | 0.07553 | 0.17441 | 0.38490 | 
 0.600 |  0.00001 | 0.00004 | 0.00015 | 0.00054 | 0.00173 | 0.00513 | 0.01409 | 0.03624 | 0.08803 | 0.20327 | 0.44861 | 
 0.650 |  0.00001 | 0.00004 | 0.00017 | 0.00062 | 0.00200 | 0.00593 | 0.01628 | 0.04188 | 0.10175 | 0.23495 | 0.51851 | 
 0.700 |  0.00001 | 0.00005 | 0.00020 | 0.00071 | 0.00230 | 0.00679 | 0.01866 | 0.04800 | 0.11660 | 0.26923 | 0.59418 | 
 0.750 |  0.00001 | 0.00006 | 0.00023 | 0.00081 | 0.00261 | 0.00772 | 0.02119 | 0.05451 | 0.13243 | 0.30580 | 0.67487 | 
 0.800 |  0.00001 | 0.00006 | 0.00025 | 0.00091 | 0.00293 | 0.00869 | 0.02385 | 0.06136 | 0.14905 | 0.34418 | 0.75957 | 
-----------------------------------------------------------------------------------------------------------------------
 VERTICAL_STABILIZER  ( t/c: 0.120 )
  CL   |  M=0.450 | M=0.500 | M=0.550 | M=0.600 | M=0.650 | M=0.700 | M=0.750 | M=0.800 | M=0.850 | M=0.900 | M=0.950 | 
 0.300 |  0.00000 | 0.00000 | 0.00000 | 0.00000 | 0.00001 | 0.00004 | 0.00010 | 0.00027 | 0.00065 | 0.00151 | 0.00333 | 
 0.350 |  0.00000 | 0.00000 | 0.00000 | 0.00000 | 0.00001 | 0.00004 | 0.00010 | 0.00027 | 0.00065 | 0.00151 | 0.00333 | 
 0.400 |  0.00000 | 0.00000 | 0.00000 | 0.00000 | 0.00001 | 0.00004 | 0.00010 | 0.00027 | 0.00065 | 0.00151 | 0.00333 | 
 0.450 |  0.00000 | 0.00000 | 0.00000 | 0.00000 | 0.00001 | 0.00004 | 0.00010 | 0.00027 | 0.00065 | 0.00151 | 0.00333 | 
 0.500 |  0.00000 | 0.00000 | 0.00000 | 0.00000 | 0.00001 | 0.00004 | 0.00010 | 0.00027 | 0.00065 | 0.00151 | 0.00333 | 
 0.550 |  0.00000 | 0.00000 | 0.00000 | 0.00000 | 0.00001 | 0.00004 | 0.00010 | 0.00027 | 0.00065 | 0.00151 | 0.00333 | 
 0.600 |  0.00000 | 0.00000 | 0.00000 | 0.00000 | 0.00001 | 0.00004 | 0.00010 | 0.00027 | 0.00065 | 0.00151 | 0.00333 | 
 0.650 |  0.00000 | 0.00000 | 0.00000 | 0.00000 | 0.00001 | 0.00004 | 0.00010 | 0.00027 | 0.00065 | 0.00151 | 0.00333 | 
 0.700 |  0.00000 | 0.00000 | 0.00000 | 0.00000 | 0.00001 | 0.00004 | 0.00010 | 0.00027 | 0.00065 | 0.00151 | 0.00333 | 
 0.750 |  0.00000 | 0.00000 | 0.00000 | 0.00000 | 0.00001 | 0.00004 | 0.00010 | 0.00027 | 0.00065 | 0.00151 | 0.00333 | 
 0.800 |  0.00000 | 0.00000 | 0.00000 | 0.00000 | 0.00001 | 0.00004 | 0.00010 | 0.00027 | 0.00065 | 0.00151 | 0.00333 | 
-----------------------------------------------------------------------------------------------------------------------

 Friday, 28. September 2018 02:24:57 PM