 DoE results 
DoE - parameter study. Run number: 0 
[1993.35233331] 
[[0.03824129]] 
[[1446.79013247]] 
22803.7794553 
[-3.48872520e-05 -9.74135028e-05  8.95551476e-03  1.10444852e-02] 
[0.95       1.         1.         1.         1.         1.00094231
 0.99146867 0.9125895 ] 

 
DoE - parameter study. Run number: 1 
[2023.39916933] 
[[0.03733046]] 
[[1376.67433828]] 
22916.6097636 
[ 6.94276097e-05 -2.67157822e-05  1.59679853e-02  4.03201467e-03] 
[1.         0.95       1.         1.         1.         1.00073064
 0.99637434 0.91171019] 

 
DoE - parameter study. Run number: 2 
[2008.65573064] 
[[0.03954991]] 
[[1388.47885916]] 
22998.9830736 
[ 1.56519955e-07 -2.33619254e-07  1.94753449e-02  5.24655076e-04] 
[1.         1.         0.95       1.         1.         1.00062478
 0.99995579 0.9126633 ] 

 
DoE - parameter study. Run number: 3 
[2006.17706362] 
[[0.0390201]] 
[[1406.37473073]] 
23082.8841265 
[ 1.90589939e-05 -1.89601570e-04  2.00000000e-02  5.68434189e-15] 
[1.         1.         1.         0.95       1.         1.00060894
 1.00360366 0.91309715] 

 
DoE - parameter study. Run number: 4 
[2009.08707689] 
[[0.0394848]] 
[[1390.76034277]] 
23009.2657571 
[ 4.24872642e-04 -2.05074746e-04  2.00000068e-02 -6.81364440e-09] 
[1.         1.         1.         1.         0.95       1.00060894
 1.00040286 0.91269604] 

 
DoE - parameter study. Run number: 0 
[1993.35233331] 
[[0.03824129]] 
[[1446.79013247]] 
22803.7794553 
[-3.48872520e-05 -9.74135028e-05  8.95551476e-03  1.10444852e-02] 
[0.95       1.         1.         1.         1.         1.00094231
 0.99146867 0.9125895 ] 

 
DoE - parameter study. Run number: 1 
[2023.39916933] 
[[0.03733046]] 
[[1376.67433828]] 
22916.6097636 
[ 6.94276097e-05 -2.67157822e-05  1.59679853e-02  4.03201467e-03] 
[1.         0.95       1.         1.         1.         1.00073064
 0.99637434 0.91171019] 

 
DoE - parameter study. Run number: 2 
[2008.65573064] 
[[0.03954991]] 
[[1388.47885916]] 
22998.9830736 
[ 1.56519955e-07 -2.33619254e-07  1.94753449e-02  5.24655076e-04] 
[1.         1.         0.95       1.         1.         1.00062478
 0.99995579 0.9126633 ] 

 
DoE - parameter study. Run number: 3 
[2006.17706362] 
[[0.0390201]] 
[[1406.37473073]] 
23082.8841265 
[ 1.90589939e-05 -1.89601570e-04  2.00000000e-02  5.68434189e-15] 
[1.         1.         1.         0.95       1.         1.00060894
 1.00360366 0.91309715] 

 
DoE - parameter study. Run number: 4 
[2009.08707689] 
[[0.0394848]] 
[[1390.76034277]] 
23009.2657571 
[ 4.24872642e-04 -2.05074746e-04  2.00000068e-02 -6.81364440e-09] 
[1.         1.         1.         1.         0.95       1.00060894
 1.00040286 0.91269604] 

 
DoE - parameter study. Run number: 5 
[2027.18410699] 
[[0.04051737]] 
[[1341.81831022]] 
23220.015543 
[-5.73361738e-05 -5.86025042e-05  2.00000000e-02  5.68434189e-15] 
[1.05       1.         1.         1.         1.         1.00060894
 1.00956589 0.91269675] 

 
DoE - parameter study. Run number: 6 
[1996.63934716] 
[[0.04128957]] 
[[1405.7442421]] 
23109.4002013 
[ 6.69546149e-05 -1.52646119e-05  2.00000000e-02  5.68434189e-15] 
[1.         1.05       1.         1.         1.         1.00060894
 1.00475653 0.91360411] 

 
DoE - parameter study. Run number: 7 
[2009.50790446] 
[[0.03941297]] 
[[1393.53845206]] 
23020.5467335 
[-3.86671963e-08 -2.37602038e-07  2.00000000e-02  5.68434189e-15] 
[1.         1.         1.05       1.         1.         1.00060894
 1.00089334 0.91270808] 

 
DoE - parameter study. Run number: 8 
[2012.71139172] 
[[0.03986932]] 
[[1391.35727586]] 
22945.11856 
[ 1.80971049e-05 -1.08195695e-05  1.69415560e-02  3.05844395e-03] 
[1.         1.         1.         1.05       1.         1.00070126
 0.99761385 0.91228276] 

 
DoE - parameter study. Run number: 9 
[2009.05662929] 
[[0.03947864]] 
[[1390.91531943]] 
23010.2520787 
[-7.41370786e-09 -4.18540367e-10  2.00000000e-02  5.68434189e-15] 
[1.         1.         1.         1.         1.05       1.00060894
 1.00044574 0.91268863] 

 
