Output file with compressibility drag breakdown

  VEHICLE TAG : cruise

  REFERENCE AREA ................  63.2 m2 
  MAIN WING SWEEP ...............   3.0 deg
  MAIN WING THICKNESS RATIO .....  0.15    
 
 TOTAL COMPRESSIBILITY DRAG 
  CL   |  M=0.450 | M=0.500 | M=0.550 | M=0.600 | M=0.650 | M=0.700 | M=0.750 | M=0.800 | M=0.850 | M=0.900 | M=0.950 | 
 0.300 |  0.00000 | 0.00002 | 0.00007 | 0.00027 | 0.00086 | 0.00255 | 0.00700 | 0.01801 | 0.04374 | 0.10101 | 0.22291 | 
 0.350 |  0.00000 | 0.00002 | 0.00009 | 0.00031 | 0.00101 | 0.00300 | 0.00825 | 0.02122 | 0.05155 | 0.11903 | 0.26269 | 
 0.400 |  0.00001 | 0.00003 | 0.00010 | 0.00037 | 0.00119 | 0.00353 | 0.00969 | 0.02494 | 0.06058 | 0.13990 | 0.30874 | 
 0.450 |  0.00001 | 0.00003 | 0.00012 | 0.00043 | 0.00140 | 0.00413 | 0.01135 | 0.02920 | 0.07093 | 0.16379 | 0.36147 | 
 0.500 |  0.00001 | 0.00003 | 0.00014 | 0.00050 | 0.00163 | 0.00482 | 0.01323 | 0.03402 | 0.08265 | 0.19086 | 0.42121 | 
 0.550 |  0.00001 | 0.00004 | 0.00016 | 0.00058 | 0.00189 | 0.00558 | 0.01533 | 0.03942 | 0.09578 | 0.22115 | 0.48807 | 
 0.600 |  0.00001 | 0.00005 | 0.00019 | 0.00067 | 0.00217 | 0.00643 | 0.01765 | 0.04540 | 0.11028 | 0.25465 | 0.56199 | 
 0.650 |  0.00001 | 0.00005 | 0.00022 | 0.00077 | 0.00248 | 0.00735 | 0.02018 | 0.05191 | 0.12610 | 0.29118 | 0.64261 | 
 0.700 |  0.00001 | 0.00006 | 0.00024 | 0.00087 | 0.00282 | 0.00834 | 0.02290 | 0.05891 | 0.14311 | 0.33047 | 0.72931 | 
 0.750 |  0.00001 | 0.00007 | 0.00027 | 0.00098 | 0.00317 | 0.00939 | 0.02578 | 0.06633 | 0.16113 | 0.37207 | 0.82112 | 
 0.800 |  0.00002 | 0.00008 | 0.00031 | 0.00110 | 0.00354 | 0.01048 | 0.02878 | 0.07405 | 0.17989 | 0.41539 | 0.91674 | 
-----------------------------------------------------------------------------------------------------------------------
 HORIZONTAL_STABILIZER  ( t/c: 0.120 )
  CL   |  M=0.450 | M=0.500 | M=0.550 | M=0.600 | M=0.650 | M=0.700 | M=0.750 | M=0.800 | M=0.850 | M=0.900 | M=0.950 | 
 0.300 |  0.00000 | 0.00000 | 0.00001 | 0.00003 | 0.00011 | 0.00031 | 0.00086 | 0.00222 | 0.00540 | 0.01247 | 0.02751 | 
 0.350 |  0.00000 | 0.00000 | 0.00001 | 0.00003 | 0.00011 | 0.00031 | 0.00086 | 0.00222 | 0.00540 | 0.01247 | 0.02751 | 
 0.400 |  0.00000 | 0.00000 | 0.00001 | 0.00003 | 0.00011 | 0.00031 | 0.00086 | 0.00222 | 0.00540 | 0.01247 | 0.02751 | 
 0.450 |  0.00000 | 0.00000 | 0.00001 | 0.00003 | 0.00011 | 0.00031 | 0.00086 | 0.00222 | 0.00540 | 0.01247 | 0.02751 | 
 0.500 |  0.00000 | 0.00000 | 0.00001 | 0.00003 | 0.00011 | 0.00031 | 0.00086 | 0.00222 | 0.00540 | 0.01247 | 0.02751 | 
 0.550 |  0.00000 | 0.00000 | 0.00001 | 0.00003 | 0.00011 | 0.00031 | 0.00086 | 0.00222 | 0.00540 | 0.01247 | 0.02751 | 
 0.600 |  0.00000 | 0.00000 | 0.00001 | 0.00003 | 0.00011 | 0.00031 | 0.00086 | 0.00222 | 0.00540 | 0.01247 | 0.02751 | 
 0.650 |  0.00000 | 0.00000 | 0.00001 | 0.00003 | 0.00011 | 0.00031 | 0.00086 | 0.00222 | 0.00540 | 0.01247 | 0.02751 | 
 0.700 |  0.00000 | 0.00000 | 0.00001 | 0.00003 | 0.00011 | 0.00031 | 0.00086 | 0.00222 | 0.00540 | 0.01247 | 0.02751 | 
 0.750 |  0.00000 | 0.00000 | 0.00001 | 0.00003 | 0.00011 | 0.00031 | 0.00086 | 0.00222 | 0.00540 | 0.01247 | 0.02751 | 
 0.800 |  0.00000 | 0.00000 | 0.00001 | 0.00003 | 0.00011 | 0.00031 | 0.00086 | 0.00222 | 0.00540 | 0.01247 | 0.02751 | 
-----------------------------------------------------------------------------------------------------------------------
 MAIN_WING  ( t/c: 0.152 )
  CL   |  M=0.450 | M=0.500 | M=0.550 | M=0.600 | M=0.650 | M=0.700 | M=0.750 | M=0.800 | M=0.850 | M=0.900 | M=0.950 | 
 0.300 |  0.00000 | 0.00002 | 0.00006 | 0.00023 | 0.00074 | 0.00220 | 0.00603 | 0.01551 | 0.03769 | 0.08703 | 0.19207 | 
 0.350 |  0.00000 | 0.00002 | 0.00008 | 0.00028 | 0.00090 | 0.00265 | 0.00728 | 0.01873 | 0.04550 | 0.10506 | 0.23185 | 
 0.400 |  0.00000 | 0.00002 | 0.00009 | 0.00033 | 0.00107 | 0.00318 | 0.00873 | 0.02245 | 0.05453 | 0.12592 | 0.27790 | 
 0.450 |  0.00001 | 0.00003 | 0.00011 | 0.00040 | 0.00128 | 0.00378 | 0.01038 | 0.02671 | 0.06488 | 0.14982 | 0.33063 | 
 0.500 |  0.00001 | 0.00003 | 0.00013 | 0.00047 | 0.00151 | 0.00446 | 0.01226 | 0.03153 | 0.07660 | 0.17688 | 0.39036 | 
 0.550 |  0.00001 | 0.00004 | 0.00015 | 0.00055 | 0.00177 | 0.00523 | 0.01436 | 0.03693 | 0.08972 | 0.20718 | 0.45723 | 
 0.600 |  0.00001 | 0.00004 | 0.00018 | 0.00064 | 0.00205 | 0.00607 | 0.01668 | 0.04290 | 0.10423 | 0.24067 | 0.53114 | 
 0.650 |  0.00001 | 0.00005 | 0.00020 | 0.00073 | 0.00236 | 0.00700 | 0.01921 | 0.04942 | 0.12005 | 0.27721 | 0.61177 | 
 0.700 |  0.00001 | 0.00006 | 0.00023 | 0.00084 | 0.00270 | 0.00799 | 0.02193 | 0.05642 | 0.13706 | 0.31649 | 0.69847 | 
 0.750 |  0.00001 | 0.00007 | 0.00026 | 0.00095 | 0.00305 | 0.00904 | 0.02481 | 0.06384 | 0.15508 | 0.35809 | 0.79028 | 
 0.800 |  0.00002 | 0.00007 | 0.00030 | 0.00106 | 0.00342 | 0.01013 | 0.02782 | 0.07156 | 0.17384 | 0.40142 | 0.88589 | 
-----------------------------------------------------------------------------------------------------------------------
 VERTICAL_STABILIZER  ( t/c: 0.120 )
  CL   |  M=0.450 | M=0.500 | M=0.550 | M=0.600 | M=0.650 | M=0.700 | M=0.750 | M=0.800 | M=0.850 | M=0.900 | M=0.950 | 
 0.300 |  0.00000 | 0.00000 | 0.00000 | 0.00000 | 0.00001 | 0.00004 | 0.00010 | 0.00027 | 0.00065 | 0.00151 | 0.00333 | 
 0.350 |  0.00000 | 0.00000 | 0.00000 | 0.00000 | 0.00001 | 0.00004 | 0.00010 | 0.00027 | 0.00065 | 0.00151 | 0.00333 | 
 0.400 |  0.00000 | 0.00000 | 0.00000 | 0.00000 | 0.00001 | 0.00004 | 0.00010 | 0.00027 | 0.00065 | 0.00151 | 0.00333 | 
 0.450 |  0.00000 | 0.00000 | 0.00000 | 0.00000 | 0.00001 | 0.00004 | 0.00010 | 0.00027 | 0.00065 | 0.00151 | 0.00333 | 
 0.500 |  0.00000 | 0.00000 | 0.00000 | 0.00000 | 0.00001 | 0.00004 | 0.00010 | 0.00027 | 0.00065 | 0.00151 | 0.00333 | 
 0.550 |  0.00000 | 0.00000 | 0.00000 | 0.00000 | 0.00001 | 0.00004 | 0.00010 | 0.00027 | 0.00065 | 0.00151 | 0.00333 | 
 0.600 |  0.00000 | 0.00000 | 0.00000 | 0.00000 | 0.00001 | 0.00004 | 0.00010 | 0.00027 | 0.00065 | 0.00151 | 0.00333 | 
 0.650 |  0.00000 | 0.00000 | 0.00000 | 0.00000 | 0.00001 | 0.00004 | 0.00010 | 0.00027 | 0.00065 | 0.00151 | 0.00333 | 
 0.700 |  0.00000 | 0.00000 | 0.00000 | 0.00000 | 0.00001 | 0.00004 | 0.00010 | 0.00027 | 0.00065 | 0.00151 | 0.00333 | 
 0.750 |  0.00000 | 0.00000 | 0.00000 | 0.00000 | 0.00001 | 0.00004 | 0.00010 | 0.00027 | 0.00065 | 0.00151 | 0.00333 | 
 0.800 |  0.00000 | 0.00000 | 0.00000 | 0.00000 | 0.00001 | 0.00004 | 0.00010 | 0.00027 | 0.00065 | 0.00151 | 0.00333 | 
-----------------------------------------------------------------------------------------------------------------------

 Wednesday, 26. September 2018 02:32:34 AM