Output file with compressibility drag breakdown

  VEHICLE TAG : cruise

  REFERENCE AREA ................  63.2 m2 
  MAIN WING SWEEP ...............   3.1 deg
  MAIN WING THICKNESS RATIO .....  0.15    
 
 TOTAL COMPRESSIBILITY DRAG 
  CL   |  M=0.450 | M=0.500 | M=0.550 | M=0.600 | M=0.650 | M=0.700 | M=0.750 | M=0.800 | M=0.850 | M=0.900 | M=0.950 | 
 0.300 |  0.00000 | 0.00002 | 0.00007 | 0.00027 | 0.00086 | 0.00254 | 0.00699 | 0.01798 | 0.04367 | 0.10084 | 0.22254 | 
 0.350 |  0.00000 | 0.00002 | 0.00009 | 0.00031 | 0.00101 | 0.00300 | 0.00823 | 0.02118 | 0.05146 | 0.11883 | 0.26225 | 
 0.400 |  0.00001 | 0.00003 | 0.00010 | 0.00037 | 0.00119 | 0.00352 | 0.00968 | 0.02490 | 0.06048 | 0.13966 | 0.30822 | 
 0.450 |  0.00001 | 0.00003 | 0.00012 | 0.00043 | 0.00139 | 0.00413 | 0.01133 | 0.02915 | 0.07081 | 0.16351 | 0.36086 | 
 0.500 |  0.00001 | 0.00003 | 0.00014 | 0.00050 | 0.00162 | 0.00481 | 0.01320 | 0.03397 | 0.08251 | 0.19053 | 0.42049 | 
 0.550 |  0.00001 | 0.00004 | 0.00016 | 0.00058 | 0.00188 | 0.00557 | 0.01530 | 0.03936 | 0.09561 | 0.22078 | 0.48724 | 
 0.600 |  0.00001 | 0.00005 | 0.00019 | 0.00067 | 0.00217 | 0.00642 | 0.01762 | 0.04532 | 0.11009 | 0.25421 | 0.56103 | 
 0.650 |  0.00001 | 0.00005 | 0.00021 | 0.00077 | 0.00248 | 0.00734 | 0.02014 | 0.05182 | 0.12589 | 0.29069 | 0.64152 | 
 0.700 |  0.00001 | 0.00006 | 0.00024 | 0.00087 | 0.00281 | 0.00833 | 0.02286 | 0.05881 | 0.14287 | 0.32990 | 0.72807 | 
 0.750 |  0.00001 | 0.00007 | 0.00027 | 0.00098 | 0.00317 | 0.00937 | 0.02574 | 0.06621 | 0.16085 | 0.37143 | 0.81971 | 
 0.800 |  0.00002 | 0.00008 | 0.00031 | 0.00110 | 0.00354 | 0.01046 | 0.02873 | 0.07392 | 0.17958 | 0.41467 | 0.91514 | 
-----------------------------------------------------------------------------------------------------------------------
 HORIZONTAL_STABILIZER  ( t/c: 0.120 )
  CL   |  M=0.450 | M=0.500 | M=0.550 | M=0.600 | M=0.650 | M=0.700 | M=0.750 | M=0.800 | M=0.850 | M=0.900 | M=0.950 | 
 0.300 |  0.00000 | 0.00000 | 0.00001 | 0.00003 | 0.00011 | 0.00031 | 0.00086 | 0.00222 | 0.00540 | 0.01247 | 0.02751 | 
 0.350 |  0.00000 | 0.00000 | 0.00001 | 0.00003 | 0.00011 | 0.00031 | 0.00086 | 0.00222 | 0.00540 | 0.01247 | 0.02751 | 
 0.400 |  0.00000 | 0.00000 | 0.00001 | 0.00003 | 0.00011 | 0.00031 | 0.00086 | 0.00222 | 0.00540 | 0.01247 | 0.02751 | 
 0.450 |  0.00000 | 0.00000 | 0.00001 | 0.00003 | 0.00011 | 0.00031 | 0.00086 | 0.00222 | 0.00540 | 0.01247 | 0.02751 | 
 0.500 |  0.00000 | 0.00000 | 0.00001 | 0.00003 | 0.00011 | 0.00031 | 0.00086 | 0.00222 | 0.00540 | 0.01247 | 0.02751 | 
 0.550 |  0.00000 | 0.00000 | 0.00001 | 0.00003 | 0.00011 | 0.00031 | 0.00086 | 0.00222 | 0.00540 | 0.01247 | 0.02751 | 
 0.600 |  0.00000 | 0.00000 | 0.00001 | 0.00003 | 0.00011 | 0.00031 | 0.00086 | 0.00222 | 0.00540 | 0.01247 | 0.02751 | 
 0.650 |  0.00000 | 0.00000 | 0.00001 | 0.00003 | 0.00011 | 0.00031 | 0.00086 | 0.00222 | 0.00540 | 0.01247 | 0.02751 | 
 0.700 |  0.00000 | 0.00000 | 0.00001 | 0.00003 | 0.00011 | 0.00031 | 0.00086 | 0.00222 | 0.00540 | 0.01247 | 0.02751 | 
 0.750 |  0.00000 | 0.00000 | 0.00001 | 0.00003 | 0.00011 | 0.00031 | 0.00086 | 0.00222 | 0.00540 | 0.01247 | 0.02751 | 
 0.800 |  0.00000 | 0.00000 | 0.00001 | 0.00003 | 0.00011 | 0.00031 | 0.00086 | 0.00222 | 0.00540 | 0.01247 | 0.02751 | 
-----------------------------------------------------------------------------------------------------------------------
 MAIN_WING  ( t/c: 0.152 )
  CL   |  M=0.450 | M=0.500 | M=0.550 | M=0.600 | M=0.650 | M=0.700 | M=0.750 | M=0.800 | M=0.850 | M=0.900 | M=0.950 | 
 0.300 |  0.00000 | 0.00002 | 0.00006 | 0.00023 | 0.00074 | 0.00219 | 0.00602 | 0.01548 | 0.03762 | 0.08686 | 0.19170 | 
 0.350 |  0.00000 | 0.00002 | 0.00008 | 0.00028 | 0.00089 | 0.00265 | 0.00727 | 0.01869 | 0.04541 | 0.10486 | 0.23141 | 
 0.400 |  0.00000 | 0.00002 | 0.00009 | 0.00033 | 0.00107 | 0.00317 | 0.00871 | 0.02241 | 0.05443 | 0.12568 | 0.27737 | 
 0.450 |  0.00001 | 0.00003 | 0.00011 | 0.00040 | 0.00128 | 0.00377 | 0.01036 | 0.02666 | 0.06476 | 0.14954 | 0.33002 | 
 0.500 |  0.00001 | 0.00003 | 0.00013 | 0.00047 | 0.00151 | 0.00446 | 0.01223 | 0.03147 | 0.07646 | 0.17656 | 0.38965 | 
 0.550 |  0.00001 | 0.00004 | 0.00015 | 0.00055 | 0.00176 | 0.00522 | 0.01433 | 0.03687 | 0.08956 | 0.20680 | 0.45640 | 
 0.600 |  0.00001 | 0.00004 | 0.00018 | 0.00063 | 0.00205 | 0.00606 | 0.01665 | 0.04283 | 0.10404 | 0.24024 | 0.53019 | 
 0.650 |  0.00001 | 0.00005 | 0.00020 | 0.00073 | 0.00236 | 0.00698 | 0.01917 | 0.04933 | 0.11983 | 0.27671 | 0.61068 | 
 0.700 |  0.00001 | 0.00006 | 0.00023 | 0.00083 | 0.00269 | 0.00797 | 0.02189 | 0.05632 | 0.13682 | 0.31593 | 0.69722 | 
 0.750 |  0.00001 | 0.00007 | 0.00026 | 0.00094 | 0.00305 | 0.00902 | 0.02477 | 0.06372 | 0.15480 | 0.35745 | 0.78887 | 
 0.800 |  0.00002 | 0.00007 | 0.00030 | 0.00106 | 0.00342 | 0.01011 | 0.02777 | 0.07143 | 0.17353 | 0.40069 | 0.88430 | 
-----------------------------------------------------------------------------------------------------------------------
 VERTICAL_STABILIZER  ( t/c: 0.120 )
  CL   |  M=0.450 | M=0.500 | M=0.550 | M=0.600 | M=0.650 | M=0.700 | M=0.750 | M=0.800 | M=0.850 | M=0.900 | M=0.950 | 
 0.300 |  0.00000 | 0.00000 | 0.00000 | 0.00000 | 0.00001 | 0.00004 | 0.00010 | 0.00027 | 0.00065 | 0.00151 | 0.00333 | 
 0.350 |  0.00000 | 0.00000 | 0.00000 | 0.00000 | 0.00001 | 0.00004 | 0.00010 | 0.00027 | 0.00065 | 0.00151 | 0.00333 | 
 0.400 |  0.00000 | 0.00000 | 0.00000 | 0.00000 | 0.00001 | 0.00004 | 0.00010 | 0.00027 | 0.00065 | 0.00151 | 0.00333 | 
 0.450 |  0.00000 | 0.00000 | 0.00000 | 0.00000 | 0.00001 | 0.00004 | 0.00010 | 0.00027 | 0.00065 | 0.00151 | 0.00333 | 
 0.500 |  0.00000 | 0.00000 | 0.00000 | 0.00000 | 0.00001 | 0.00004 | 0.00010 | 0.00027 | 0.00065 | 0.00151 | 0.00333 | 
 0.550 |  0.00000 | 0.00000 | 0.00000 | 0.00000 | 0.00001 | 0.00004 | 0.00010 | 0.00027 | 0.00065 | 0.00151 | 0.00333 | 
 0.600 |  0.00000 | 0.00000 | 0.00000 | 0.00000 | 0.00001 | 0.00004 | 0.00010 | 0.00027 | 0.00065 | 0.00151 | 0.00333 | 
 0.650 |  0.00000 | 0.00000 | 0.00000 | 0.00000 | 0.00001 | 0.00004 | 0.00010 | 0.00027 | 0.00065 | 0.00151 | 0.00333 | 
 0.700 |  0.00000 | 0.00000 | 0.00000 | 0.00000 | 0.00001 | 0.00004 | 0.00010 | 0.00027 | 0.00065 | 0.00151 | 0.00333 | 
 0.750 |  0.00000 | 0.00000 | 0.00000 | 0.00000 | 0.00001 | 0.00004 | 0.00010 | 0.00027 | 0.00065 | 0.00151 | 0.00333 | 
 0.800 |  0.00000 | 0.00000 | 0.00000 | 0.00000 | 0.00001 | 0.00004 | 0.00010 | 0.00027 | 0.00065 | 0.00151 | 0.00333 | 
-----------------------------------------------------------------------------------------------------------------------

 Wednesday, 26. September 2018 12:20:10 AM