 Pareto results 
Pareto Frontier. Run number: 0 
[1990.01621625] 
[[0.04505655]] 
[[1391.00638043]] 
23389.90120364215 
[9.98378375e-03 1.62162502e-05 3.93772455e-02 2.31482487e-02
 6.38042949e-05 4.00000000e-01 2.27373675e-13 1.21475856e-02
 5.65654784e-03 1.20928818e-01 5.42025412e-05 1.01365388e+00] 
[6.31576806e-01 1.36980158e-01 1.52120345e-01 3.10886838e-02
 3.31301742e-01 1.03215383e-16 1.00000000e+00] 

 
Pareto Frontier. Run number: 1 
[1990.04379594] 
[[0.04504721]] 
[[1391.01459655]] 
23387.927561339384 
[9.95620406e-03 4.37959441e-05 3.94431079e-02 2.31103402e-02
 1.45965489e-04 4.00000000e-01 1.87583282e-12 1.21475856e-02
 5.64720771e-03 1.20368812e-01 1.51832168e-04 1.01170311e+00] 
[0.63146813 0.13693864 0.15213837 0.02962568 0.33130174 0.
 0.75      ] 

 
Pareto Frontier. Run number: 2 
[1990.02892557] 
[[0.04505371]] 
[[1391.01027801]] 
23388.607376746528 
[9.97107443e-03 2.89255679e-05 3.94120346e-02 2.31338855e-02
 1.02780106e-04 4.00000000e-01 1.51771928e-11 1.21475856e-02
 5.65370885e-03 1.20599716e-01 9.81695248e-05 1.01300602e+00] 
[6.31506811e-01 1.36962999e-01 1.52136923e-01 2.96736232e-02
 3.31301742e-01 4.98732999e-18 5.00000000e-01] 

 
Pareto Frontier. Run number: 3 
[1990.02453885] 
[[0.04505559]] 
[[1391.0088941]] 
23388.82239831161 
[9.97546115e-03 2.45388513e-05 3.94026503e-02 2.31407658e-02
 8.89409513e-05 4.00000000e-01 1.21076482e-10 1.21475856e-02
 5.65559224e-03 1.20671336e-01 8.18137138e-05 1.01338489e+00] 
[6.31519006e-01 1.36970168e-01 1.52136194e-01 2.97123469e-02
 3.31301742e-01 5.85469173e-18 2.50000000e-01] 

 
Pareto Frontier. Run number: 4 
[1990.0827573] 
[[0.04502974]] 
[[1391.02832184]] 
23386.17884869207 
[9.91724270e-03 8.27572976e-05 3.95249038e-02 2.30476150e-02
 2.83218420e-04 4.00000001e-01 9.68896074e-10 1.21475856e-02
 5.62974293e-03 1.19752324e-01 3.21420919e-04 1.00821201e+00] 
[6.31367799e-01 1.36873918e-01 1.52141813e-01 2.96340126e-02
 3.31301742e-01 9.77137208e-18 0.00000000e+00] 

 
Total run time: 19244.322