Output file with compressibility drag breakdown

  VEHICLE TAG : cruise

  REFERENCE AREA ................  71.5 m2 
  MAIN WING SWEEP ...............  23.9 deg
  MAIN WING THICKNESS RATIO .....  0.12    
 
 TOTAL COMPRESSIBILITY DRAG 
  CL   |  M=0.450 | M=0.500 | M=0.550 | M=0.600 | M=0.650 | M=0.700 | M=0.750 | M=0.800 | M=0.850 | M=0.900 | M=0.950 | 
 0.300 |  0.00000 | 0.00000 | 0.00001 | 0.00005 | 0.00015 | 0.00043 | 0.00118 | 0.00304 | 0.00738 | 0.01704 | 0.03760 | 
 0.350 |  0.00000 | 0.00000 | 0.00002 | 0.00005 | 0.00018 | 0.00052 | 0.00144 | 0.00371 | 0.00900 | 0.02079 | 0.04587 | 
 0.400 |  0.00000 | 0.00000 | 0.00002 | 0.00007 | 0.00022 | 0.00064 | 0.00175 | 0.00450 | 0.01092 | 0.02522 | 0.05567 | 
 0.450 |  0.00000 | 0.00001 | 0.00002 | 0.00008 | 0.00026 | 0.00077 | 0.00211 | 0.00542 | 0.01317 | 0.03040 | 0.06709 | 
 0.500 |  0.00000 | 0.00001 | 0.00003 | 0.00010 | 0.00031 | 0.00092 | 0.00252 | 0.00648 | 0.01574 | 0.03634 | 0.08020 | 
 0.550 |  0.00000 | 0.00001 | 0.00003 | 0.00011 | 0.00037 | 0.00109 | 0.00298 | 0.00767 | 0.01864 | 0.04304 | 0.09498 | 
 0.600 |  0.00000 | 0.00001 | 0.00004 | 0.00013 | 0.00043 | 0.00127 | 0.00350 | 0.00899 | 0.02185 | 0.05045 | 0.11134 | 
 0.650 |  0.00000 | 0.00001 | 0.00004 | 0.00015 | 0.00050 | 0.00148 | 0.00405 | 0.01043 | 0.02533 | 0.05849 | 0.12909 | 
 0.700 |  0.00000 | 0.00001 | 0.00005 | 0.00018 | 0.00057 | 0.00169 | 0.00464 | 0.01195 | 0.02903 | 0.06702 | 0.14791 | 
 0.750 |  0.00000 | 0.00001 | 0.00006 | 0.00020 | 0.00065 | 0.00191 | 0.00526 | 0.01352 | 0.03285 | 0.07585 | 0.16740 | 
 0.800 |  0.00000 | 0.00002 | 0.00006 | 0.00022 | 0.00072 | 0.00214 | 0.00587 | 0.01511 | 0.03670 | 0.08475 | 0.18703 | 
-----------------------------------------------------------------------------------------------------------------------
 HORIZONTAL_STABILIZER  ( t/c: 0.110 )
  CL   |  M=0.450 | M=0.500 | M=0.550 | M=0.600 | M=0.650 | M=0.700 | M=0.750 | M=0.800 | M=0.850 | M=0.900 | M=0.950 | 
 0.300 |  0.00000 | 0.00000 | 0.00000 | 0.00000 | 0.00001 | 0.00003 | 0.00008 | 0.00021 | 0.00052 | 0.00120 | 0.00264 | 
 0.350 |  0.00000 | 0.00000 | 0.00000 | 0.00000 | 0.00001 | 0.00003 | 0.00008 | 0.00021 | 0.00052 | 0.00120 | 0.00264 | 
 0.400 |  0.00000 | 0.00000 | 0.00000 | 0.00000 | 0.00001 | 0.00003 | 0.00008 | 0.00021 | 0.00052 | 0.00120 | 0.00264 | 
 0.450 |  0.00000 | 0.00000 | 0.00000 | 0.00000 | 0.00001 | 0.00003 | 0.00008 | 0.00021 | 0.00052 | 0.00120 | 0.00264 | 
 0.500 |  0.00000 | 0.00000 | 0.00000 | 0.00000 | 0.00001 | 0.00003 | 0.00008 | 0.00021 | 0.00052 | 0.00120 | 0.00264 | 
 0.550 |  0.00000 | 0.00000 | 0.00000 | 0.00000 | 0.00001 | 0.00003 | 0.00008 | 0.00021 | 0.00052 | 0.00120 | 0.00264 | 
 0.600 |  0.00000 | 0.00000 | 0.00000 | 0.00000 | 0.00001 | 0.00003 | 0.00008 | 0.00021 | 0.00052 | 0.00120 | 0.00264 | 
 0.650 |  0.00000 | 0.00000 | 0.00000 | 0.00000 | 0.00001 | 0.00003 | 0.00008 | 0.00021 | 0.00052 | 0.00120 | 0.00264 | 
 0.700 |  0.00000 | 0.00000 | 0.00000 | 0.00000 | 0.00001 | 0.00003 | 0.00008 | 0.00021 | 0.00052 | 0.00120 | 0.00264 | 
 0.750 |  0.00000 | 0.00000 | 0.00000 | 0.00000 | 0.00001 | 0.00003 | 0.00008 | 0.00021 | 0.00052 | 0.00120 | 0.00264 | 
 0.800 |  0.00000 | 0.00000 | 0.00000 | 0.00000 | 0.00001 | 0.00003 | 0.00008 | 0.00021 | 0.00052 | 0.00120 | 0.00264 | 
-----------------------------------------------------------------------------------------------------------------------
 MAIN_WING  ( t/c: 0.120 )
  CL   |  M=0.450 | M=0.500 | M=0.550 | M=0.600 | M=0.650 | M=0.700 | M=0.750 | M=0.800 | M=0.850 | M=0.900 | M=0.950 | 
 0.300 |  0.00000 | 0.00000 | 0.00001 | 0.00004 | 0.00013 | 0.00038 | 0.00105 | 0.00271 | 0.00657 | 0.01518 | 0.03350 | 
 0.350 |  0.00000 | 0.00000 | 0.00001 | 0.00005 | 0.00016 | 0.00048 | 0.00131 | 0.00337 | 0.00820 | 0.01893 | 0.04177 | 
 0.400 |  0.00000 | 0.00000 | 0.00002 | 0.00006 | 0.00020 | 0.00059 | 0.00162 | 0.00417 | 0.01012 | 0.02337 | 0.05157 | 
 0.450 |  0.00000 | 0.00001 | 0.00002 | 0.00008 | 0.00024 | 0.00072 | 0.00198 | 0.00509 | 0.01236 | 0.02854 | 0.06299 | 
 0.500 |  0.00000 | 0.00001 | 0.00003 | 0.00009 | 0.00029 | 0.00087 | 0.00239 | 0.00615 | 0.01493 | 0.03448 | 0.07610 | 
 0.550 |  0.00000 | 0.00001 | 0.00003 | 0.00011 | 0.00035 | 0.00104 | 0.00285 | 0.00734 | 0.01783 | 0.04118 | 0.09088 | 
 0.600 |  0.00000 | 0.00001 | 0.00004 | 0.00013 | 0.00041 | 0.00123 | 0.00337 | 0.00866 | 0.02104 | 0.04859 | 0.10724 | 
 0.650 |  0.00000 | 0.00001 | 0.00004 | 0.00015 | 0.00048 | 0.00143 | 0.00392 | 0.01010 | 0.02453 | 0.05663 | 0.12498 | 
 0.700 |  0.00000 | 0.00001 | 0.00005 | 0.00017 | 0.00056 | 0.00164 | 0.00452 | 0.01162 | 0.02822 | 0.06516 | 0.14381 | 
 0.750 |  0.00000 | 0.00001 | 0.00005 | 0.00020 | 0.00063 | 0.00187 | 0.00513 | 0.01319 | 0.03204 | 0.07399 | 0.16330 | 
 0.800 |  0.00000 | 0.00002 | 0.00006 | 0.00022 | 0.00071 | 0.00209 | 0.00574 | 0.01478 | 0.03590 | 0.08289 | 0.18293 | 
-----------------------------------------------------------------------------------------------------------------------
 VERTICAL_STABILIZER  ( t/c: 0.120 )
  CL   |  M=0.450 | M=0.500 | M=0.550 | M=0.600 | M=0.650 | M=0.700 | M=0.750 | M=0.800 | M=0.850 | M=0.900 | M=0.950 | 
 0.300 |  0.00000 | 0.00000 | 0.00000 | 0.00000 | 0.00001 | 0.00002 | 0.00005 | 0.00012 | 0.00029 | 0.00066 | 0.00146 | 
 0.350 |  0.00000 | 0.00000 | 0.00000 | 0.00000 | 0.00001 | 0.00002 | 0.00005 | 0.00012 | 0.00029 | 0.00066 | 0.00146 | 
 0.400 |  0.00000 | 0.00000 | 0.00000 | 0.00000 | 0.00001 | 0.00002 | 0.00005 | 0.00012 | 0.00029 | 0.00066 | 0.00146 | 
 0.450 |  0.00000 | 0.00000 | 0.00000 | 0.00000 | 0.00001 | 0.00002 | 0.00005 | 0.00012 | 0.00029 | 0.00066 | 0.00146 | 
 0.500 |  0.00000 | 0.00000 | 0.00000 | 0.00000 | 0.00001 | 0.00002 | 0.00005 | 0.00012 | 0.00029 | 0.00066 | 0.00146 | 
 0.550 |  0.00000 | 0.00000 | 0.00000 | 0.00000 | 0.00001 | 0.00002 | 0.00005 | 0.00012 | 0.00029 | 0.00066 | 0.00146 | 
 0.600 |  0.00000 | 0.00000 | 0.00000 | 0.00000 | 0.00001 | 0.00002 | 0.00005 | 0.00012 | 0.00029 | 0.00066 | 0.00146 | 
 0.650 |  0.00000 | 0.00000 | 0.00000 | 0.00000 | 0.00001 | 0.00002 | 0.00005 | 0.00012 | 0.00029 | 0.00066 | 0.00146 | 
 0.700 |  0.00000 | 0.00000 | 0.00000 | 0.00000 | 0.00001 | 0.00002 | 0.00005 | 0.00012 | 0.00029 | 0.00066 | 0.00146 | 
 0.750 |  0.00000 | 0.00000 | 0.00000 | 0.00000 | 0.00001 | 0.00002 | 0.00005 | 0.00012 | 0.00029 | 0.00066 | 0.00146 | 
 0.800 |  0.00000 | 0.00000 | 0.00000 | 0.00000 | 0.00001 | 0.00002 | 0.00005 | 0.00012 | 0.00029 | 0.00066 | 0.00146 | 
-----------------------------------------------------------------------------------------------------------------------

 Sunday, 23. September 2018 05:01:54 PM