Output file with compressibility drag breakdown

  VEHICLE TAG : cruise

  REFERENCE AREA ................  70.4 m2 
  MAIN WING SWEEP ...............  24.4 deg
  MAIN WING THICKNESS RATIO .....  0.12    
 
 TOTAL COMPRESSIBILITY DRAG 
  CL   |  M=0.450 | M=0.500 | M=0.550 | M=0.600 | M=0.650 | M=0.700 | M=0.750 | M=0.800 | M=0.850 | M=0.900 | M=0.950 | 
 0.300 |  0.00000 | 0.00000 | 0.00001 | 0.00005 | 0.00015 | 0.00044 | 0.00120 | 0.00308 | 0.00748 | 0.01728 | 0.03814 | 
 0.350 |  0.00000 | 0.00000 | 0.00002 | 0.00006 | 0.00018 | 0.00053 | 0.00146 | 0.00376 | 0.00913 | 0.02109 | 0.04655 | 
 0.400 |  0.00000 | 0.00000 | 0.00002 | 0.00007 | 0.00022 | 0.00065 | 0.00177 | 0.00456 | 0.01108 | 0.02559 | 0.05648 | 
 0.450 |  0.00000 | 0.00001 | 0.00002 | 0.00008 | 0.00026 | 0.00078 | 0.00214 | 0.00550 | 0.01335 | 0.03083 | 0.06805 | 
 0.500 |  0.00000 | 0.00001 | 0.00003 | 0.00010 | 0.00031 | 0.00093 | 0.00255 | 0.00657 | 0.01595 | 0.03683 | 0.08128 | 
 0.550 |  0.00000 | 0.00001 | 0.00003 | 0.00012 | 0.00037 | 0.00110 | 0.00302 | 0.00777 | 0.01887 | 0.04357 | 0.09616 | 
 0.600 |  0.00000 | 0.00001 | 0.00004 | 0.00013 | 0.00043 | 0.00129 | 0.00353 | 0.00909 | 0.02209 | 0.05100 | 0.11255 | 
 0.650 |  0.00000 | 0.00001 | 0.00004 | 0.00016 | 0.00050 | 0.00149 | 0.00409 | 0.01052 | 0.02556 | 0.05902 | 0.13025 | 
 0.700 |  0.00000 | 0.00001 | 0.00005 | 0.00018 | 0.00058 | 0.00170 | 0.00468 | 0.01203 | 0.02922 | 0.06748 | 0.14892 | 
 0.750 |  0.00000 | 0.00001 | 0.00006 | 0.00020 | 0.00065 | 0.00192 | 0.00528 | 0.01358 | 0.03299 | 0.07617 | 0.16810 | 
 0.800 |  0.00000 | 0.00002 | 0.00006 | 0.00022 | 0.00072 | 0.00214 | 0.00588 | 0.01513 | 0.03675 | 0.08485 | 0.18726 | 
-----------------------------------------------------------------------------------------------------------------------
 HORIZONTAL_STABILIZER  ( t/c: 0.110 )
  CL   |  M=0.450 | M=0.500 | M=0.550 | M=0.600 | M=0.650 | M=0.700 | M=0.750 | M=0.800 | M=0.850 | M=0.900 | M=0.950 | 
 0.300 |  0.00000 | 0.00000 | 0.00000 | 0.00000 | 0.00001 | 0.00003 | 0.00008 | 0.00021 | 0.00052 | 0.00120 | 0.00264 | 
 0.350 |  0.00000 | 0.00000 | 0.00000 | 0.00000 | 0.00001 | 0.00003 | 0.00008 | 0.00021 | 0.00052 | 0.00120 | 0.00264 | 
 0.400 |  0.00000 | 0.00000 | 0.00000 | 0.00000 | 0.00001 | 0.00003 | 0.00008 | 0.00021 | 0.00052 | 0.00120 | 0.00264 | 
 0.450 |  0.00000 | 0.00000 | 0.00000 | 0.00000 | 0.00001 | 0.00003 | 0.00008 | 0.00021 | 0.00052 | 0.00120 | 0.00264 | 
 0.500 |  0.00000 | 0.00000 | 0.00000 | 0.00000 | 0.00001 | 0.00003 | 0.00008 | 0.00021 | 0.00052 | 0.00120 | 0.00264 | 
 0.550 |  0.00000 | 0.00000 | 0.00000 | 0.00000 | 0.00001 | 0.00003 | 0.00008 | 0.00021 | 0.00052 | 0.00120 | 0.00264 | 
 0.600 |  0.00000 | 0.00000 | 0.00000 | 0.00000 | 0.00001 | 0.00003 | 0.00008 | 0.00021 | 0.00052 | 0.00120 | 0.00264 | 
 0.650 |  0.00000 | 0.00000 | 0.00000 | 0.00000 | 0.00001 | 0.00003 | 0.00008 | 0.00021 | 0.00052 | 0.00120 | 0.00264 | 
 0.700 |  0.00000 | 0.00000 | 0.00000 | 0.00000 | 0.00001 | 0.00003 | 0.00008 | 0.00021 | 0.00052 | 0.00120 | 0.00264 | 
 0.750 |  0.00000 | 0.00000 | 0.00000 | 0.00000 | 0.00001 | 0.00003 | 0.00008 | 0.00021 | 0.00052 | 0.00120 | 0.00264 | 
 0.800 |  0.00000 | 0.00000 | 0.00000 | 0.00000 | 0.00001 | 0.00003 | 0.00008 | 0.00021 | 0.00052 | 0.00120 | 0.00264 | 
-----------------------------------------------------------------------------------------------------------------------
 MAIN_WING  ( t/c: 0.123 )
  CL   |  M=0.450 | M=0.500 | M=0.550 | M=0.600 | M=0.650 | M=0.700 | M=0.750 | M=0.800 | M=0.850 | M=0.900 | M=0.950 | 
 0.300 |  0.00000 | 0.00000 | 0.00001 | 0.00004 | 0.00013 | 0.00039 | 0.00107 | 0.00275 | 0.00668 | 0.01542 | 0.03404 | 
 0.350 |  0.00000 | 0.00000 | 0.00001 | 0.00005 | 0.00016 | 0.00049 | 0.00133 | 0.00343 | 0.00833 | 0.01923 | 0.04244 | 
 0.400 |  0.00000 | 0.00000 | 0.00002 | 0.00006 | 0.00020 | 0.00060 | 0.00164 | 0.00423 | 0.01028 | 0.02374 | 0.05238 | 
 0.450 |  0.00000 | 0.00001 | 0.00002 | 0.00008 | 0.00025 | 0.00073 | 0.00201 | 0.00517 | 0.01255 | 0.02898 | 0.06395 | 
 0.500 |  0.00000 | 0.00001 | 0.00003 | 0.00009 | 0.00030 | 0.00088 | 0.00242 | 0.00623 | 0.01515 | 0.03497 | 0.07718 | 
 0.550 |  0.00000 | 0.00001 | 0.00003 | 0.00011 | 0.00036 | 0.00105 | 0.00289 | 0.00744 | 0.01806 | 0.04171 | 0.09205 | 
 0.600 |  0.00000 | 0.00001 | 0.00004 | 0.00013 | 0.00042 | 0.00124 | 0.00341 | 0.00876 | 0.02128 | 0.04914 | 0.10845 | 
 0.650 |  0.00000 | 0.00001 | 0.00004 | 0.00015 | 0.00049 | 0.00144 | 0.00396 | 0.01019 | 0.02475 | 0.05716 | 0.12615 | 
 0.700 |  0.00000 | 0.00001 | 0.00005 | 0.00017 | 0.00056 | 0.00166 | 0.00455 | 0.01170 | 0.02842 | 0.06562 | 0.14481 | 
 0.750 |  0.00000 | 0.00001 | 0.00005 | 0.00020 | 0.00063 | 0.00188 | 0.00515 | 0.01325 | 0.03218 | 0.07431 | 0.16400 | 
 0.800 |  0.00000 | 0.00002 | 0.00006 | 0.00022 | 0.00071 | 0.00209 | 0.00575 | 0.01480 | 0.03594 | 0.08299 | 0.18316 | 
-----------------------------------------------------------------------------------------------------------------------
 VERTICAL_STABILIZER  ( t/c: 0.120 )
  CL   |  M=0.450 | M=0.500 | M=0.550 | M=0.600 | M=0.650 | M=0.700 | M=0.750 | M=0.800 | M=0.850 | M=0.900 | M=0.950 | 
 0.300 |  0.00000 | 0.00000 | 0.00000 | 0.00000 | 0.00001 | 0.00002 | 0.00005 | 0.00012 | 0.00029 | 0.00066 | 0.00146 | 
 0.350 |  0.00000 | 0.00000 | 0.00000 | 0.00000 | 0.00001 | 0.00002 | 0.00005 | 0.00012 | 0.00029 | 0.00066 | 0.00146 | 
 0.400 |  0.00000 | 0.00000 | 0.00000 | 0.00000 | 0.00001 | 0.00002 | 0.00005 | 0.00012 | 0.00029 | 0.00066 | 0.00146 | 
 0.450 |  0.00000 | 0.00000 | 0.00000 | 0.00000 | 0.00001 | 0.00002 | 0.00005 | 0.00012 | 0.00029 | 0.00066 | 0.00146 | 
 0.500 |  0.00000 | 0.00000 | 0.00000 | 0.00000 | 0.00001 | 0.00002 | 0.00005 | 0.00012 | 0.00029 | 0.00066 | 0.00146 | 
 0.550 |  0.00000 | 0.00000 | 0.00000 | 0.00000 | 0.00001 | 0.00002 | 0.00005 | 0.00012 | 0.00029 | 0.00066 | 0.00146 | 
 0.600 |  0.00000 | 0.00000 | 0.00000 | 0.00000 | 0.00001 | 0.00002 | 0.00005 | 0.00012 | 0.00029 | 0.00066 | 0.00146 | 
 0.650 |  0.00000 | 0.00000 | 0.00000 | 0.00000 | 0.00001 | 0.00002 | 0.00005 | 0.00012 | 0.00029 | 0.00066 | 0.00146 | 
 0.700 |  0.00000 | 0.00000 | 0.00000 | 0.00000 | 0.00001 | 0.00002 | 0.00005 | 0.00012 | 0.00029 | 0.00066 | 0.00146 | 
 0.750 |  0.00000 | 0.00000 | 0.00000 | 0.00000 | 0.00001 | 0.00002 | 0.00005 | 0.00012 | 0.00029 | 0.00066 | 0.00146 | 
 0.800 |  0.00000 | 0.00000 | 0.00000 | 0.00000 | 0.00001 | 0.00002 | 0.00005 | 0.00012 | 0.00029 | 0.00066 | 0.00146 | 
-----------------------------------------------------------------------------------------------------------------------

 Sunday, 23. September 2018 03:39:44 PM