Output file with compressibility drag breakdown

  VEHICLE TAG : cruise

  REFERENCE AREA ................  71.8 m2 
  MAIN WING SWEEP ...............  23.6 deg
  MAIN WING THICKNESS RATIO .....  0.12    
 
 TOTAL COMPRESSIBILITY DRAG 
  CL   |  M=0.450 | M=0.500 | M=0.550 | M=0.600 | M=0.650 | M=0.700 | M=0.750 | M=0.800 | M=0.850 | M=0.900 | M=0.950 | 
 0.300 |  0.00000 | 0.00000 | 0.00001 | 0.00005 | 0.00015 | 0.00044 | 0.00121 | 0.00310 | 0.00754 | 0.01740 | 0.03841 | 
 0.350 |  0.00000 | 0.00000 | 0.00002 | 0.00006 | 0.00018 | 0.00054 | 0.00147 | 0.00378 | 0.00919 | 0.02123 | 0.04686 | 
 0.400 |  0.00000 | 0.00000 | 0.00002 | 0.00007 | 0.00022 | 0.00065 | 0.00179 | 0.00459 | 0.01116 | 0.02576 | 0.05686 | 
 0.450 |  0.00000 | 0.00001 | 0.00002 | 0.00008 | 0.00026 | 0.00078 | 0.00215 | 0.00554 | 0.01345 | 0.03105 | 0.06853 | 
 0.500 |  0.00000 | 0.00001 | 0.00003 | 0.00010 | 0.00032 | 0.00094 | 0.00257 | 0.00662 | 0.01608 | 0.03712 | 0.08192 | 
 0.550 |  0.00000 | 0.00001 | 0.00003 | 0.00012 | 0.00037 | 0.00111 | 0.00305 | 0.00784 | 0.01904 | 0.04397 | 0.09704 | 
 0.600 |  0.00000 | 0.00001 | 0.00004 | 0.00014 | 0.00044 | 0.00130 | 0.00357 | 0.00919 | 0.02233 | 0.05156 | 0.11379 | 
 0.650 |  0.00000 | 0.00001 | 0.00004 | 0.00016 | 0.00051 | 0.00151 | 0.00414 | 0.01066 | 0.02590 | 0.05980 | 0.13198 | 
 0.700 |  0.00000 | 0.00001 | 0.00005 | 0.00018 | 0.00058 | 0.00173 | 0.00475 | 0.01222 | 0.02969 | 0.06856 | 0.15131 | 
 0.750 |  0.00000 | 0.00001 | 0.00006 | 0.00021 | 0.00066 | 0.00196 | 0.00538 | 0.01384 | 0.03363 | 0.07765 | 0.17137 | 
 0.800 |  0.00000 | 0.00002 | 0.00006 | 0.00023 | 0.00074 | 0.00219 | 0.00602 | 0.01548 | 0.03760 | 0.08683 | 0.19163 | 
-----------------------------------------------------------------------------------------------------------------------
 HORIZONTAL_STABILIZER  ( t/c: 0.110 )
  CL   |  M=0.450 | M=0.500 | M=0.550 | M=0.600 | M=0.650 | M=0.700 | M=0.750 | M=0.800 | M=0.850 | M=0.900 | M=0.950 | 
 0.300 |  0.00000 | 0.00000 | 0.00000 | 0.00000 | 0.00001 | 0.00003 | 0.00008 | 0.00021 | 0.00052 | 0.00120 | 0.00264 | 
 0.350 |  0.00000 | 0.00000 | 0.00000 | 0.00000 | 0.00001 | 0.00003 | 0.00008 | 0.00021 | 0.00052 | 0.00120 | 0.00264 | 
 0.400 |  0.00000 | 0.00000 | 0.00000 | 0.00000 | 0.00001 | 0.00003 | 0.00008 | 0.00021 | 0.00052 | 0.00120 | 0.00264 | 
 0.450 |  0.00000 | 0.00000 | 0.00000 | 0.00000 | 0.00001 | 0.00003 | 0.00008 | 0.00021 | 0.00052 | 0.00120 | 0.00264 | 
 0.500 |  0.00000 | 0.00000 | 0.00000 | 0.00000 | 0.00001 | 0.00003 | 0.00008 | 0.00021 | 0.00052 | 0.00120 | 0.00264 | 
 0.550 |  0.00000 | 0.00000 | 0.00000 | 0.00000 | 0.00001 | 0.00003 | 0.00008 | 0.00021 | 0.00052 | 0.00120 | 0.00264 | 
 0.600 |  0.00000 | 0.00000 | 0.00000 | 0.00000 | 0.00001 | 0.00003 | 0.00008 | 0.00021 | 0.00052 | 0.00120 | 0.00264 | 
 0.650 |  0.00000 | 0.00000 | 0.00000 | 0.00000 | 0.00001 | 0.00003 | 0.00008 | 0.00021 | 0.00052 | 0.00120 | 0.00264 | 
 0.700 |  0.00000 | 0.00000 | 0.00000 | 0.00000 | 0.00001 | 0.00003 | 0.00008 | 0.00021 | 0.00052 | 0.00120 | 0.00264 | 
 0.750 |  0.00000 | 0.00000 | 0.00000 | 0.00000 | 0.00001 | 0.00003 | 0.00008 | 0.00021 | 0.00052 | 0.00120 | 0.00264 | 
 0.800 |  0.00000 | 0.00000 | 0.00000 | 0.00000 | 0.00001 | 0.00003 | 0.00008 | 0.00021 | 0.00052 | 0.00120 | 0.00264 | 
-----------------------------------------------------------------------------------------------------------------------
 MAIN_WING  ( t/c: 0.119 )
  CL   |  M=0.450 | M=0.500 | M=0.550 | M=0.600 | M=0.650 | M=0.700 | M=0.750 | M=0.800 | M=0.850 | M=0.900 | M=0.950 | 
 0.300 |  0.00000 | 0.00000 | 0.00001 | 0.00004 | 0.00013 | 0.00039 | 0.00108 | 0.00277 | 0.00673 | 0.01554 | 0.03430 | 
 0.350 |  0.00000 | 0.00000 | 0.00001 | 0.00005 | 0.00017 | 0.00049 | 0.00134 | 0.00345 | 0.00839 | 0.01937 | 0.04275 | 
 0.400 |  0.00000 | 0.00000 | 0.00002 | 0.00006 | 0.00020 | 0.00060 | 0.00166 | 0.00426 | 0.01035 | 0.02391 | 0.05276 | 
 0.450 |  0.00000 | 0.00001 | 0.00002 | 0.00008 | 0.00025 | 0.00074 | 0.00202 | 0.00520 | 0.01264 | 0.02919 | 0.06443 | 
 0.500 |  0.00000 | 0.00001 | 0.00003 | 0.00009 | 0.00030 | 0.00089 | 0.00244 | 0.00629 | 0.01527 | 0.03526 | 0.07782 | 
 0.550 |  0.00000 | 0.00001 | 0.00003 | 0.00011 | 0.00036 | 0.00106 | 0.00292 | 0.00751 | 0.01824 | 0.04211 | 0.09294 | 
 0.600 |  0.00000 | 0.00001 | 0.00004 | 0.00013 | 0.00042 | 0.00125 | 0.00344 | 0.00886 | 0.02152 | 0.04970 | 0.10968 | 
 0.650 |  0.00000 | 0.00001 | 0.00004 | 0.00015 | 0.00049 | 0.00146 | 0.00402 | 0.01033 | 0.02509 | 0.05794 | 0.12788 | 
 0.700 |  0.00000 | 0.00001 | 0.00005 | 0.00018 | 0.00057 | 0.00168 | 0.00462 | 0.01189 | 0.02889 | 0.06670 | 0.14721 | 
 0.750 |  0.00000 | 0.00001 | 0.00006 | 0.00020 | 0.00065 | 0.00191 | 0.00525 | 0.01351 | 0.03282 | 0.07579 | 0.16727 | 
 0.800 |  0.00000 | 0.00002 | 0.00006 | 0.00022 | 0.00072 | 0.00214 | 0.00589 | 0.01515 | 0.03680 | 0.08497 | 0.18753 | 
-----------------------------------------------------------------------------------------------------------------------
 VERTICAL_STABILIZER  ( t/c: 0.120 )
  CL   |  M=0.450 | M=0.500 | M=0.550 | M=0.600 | M=0.650 | M=0.700 | M=0.750 | M=0.800 | M=0.850 | M=0.900 | M=0.950 | 
 0.300 |  0.00000 | 0.00000 | 0.00000 | 0.00000 | 0.00001 | 0.00002 | 0.00005 | 0.00012 | 0.00029 | 0.00066 | 0.00146 | 
 0.350 |  0.00000 | 0.00000 | 0.00000 | 0.00000 | 0.00001 | 0.00002 | 0.00005 | 0.00012 | 0.00029 | 0.00066 | 0.00146 | 
 0.400 |  0.00000 | 0.00000 | 0.00000 | 0.00000 | 0.00001 | 0.00002 | 0.00005 | 0.00012 | 0.00029 | 0.00066 | 0.00146 | 
 0.450 |  0.00000 | 0.00000 | 0.00000 | 0.00000 | 0.00001 | 0.00002 | 0.00005 | 0.00012 | 0.00029 | 0.00066 | 0.00146 | 
 0.500 |  0.00000 | 0.00000 | 0.00000 | 0.00000 | 0.00001 | 0.00002 | 0.00005 | 0.00012 | 0.00029 | 0.00066 | 0.00146 | 
 0.550 |  0.00000 | 0.00000 | 0.00000 | 0.00000 | 0.00001 | 0.00002 | 0.00005 | 0.00012 | 0.00029 | 0.00066 | 0.00146 | 
 0.600 |  0.00000 | 0.00000 | 0.00000 | 0.00000 | 0.00001 | 0.00002 | 0.00005 | 0.00012 | 0.00029 | 0.00066 | 0.00146 | 
 0.650 |  0.00000 | 0.00000 | 0.00000 | 0.00000 | 0.00001 | 0.00002 | 0.00005 | 0.00012 | 0.00029 | 0.00066 | 0.00146 | 
 0.700 |  0.00000 | 0.00000 | 0.00000 | 0.00000 | 0.00001 | 0.00002 | 0.00005 | 0.00012 | 0.00029 | 0.00066 | 0.00146 | 
 0.750 |  0.00000 | 0.00000 | 0.00000 | 0.00000 | 0.00001 | 0.00002 | 0.00005 | 0.00012 | 0.00029 | 0.00066 | 0.00146 | 
 0.800 |  0.00000 | 0.00000 | 0.00000 | 0.00000 | 0.00001 | 0.00002 | 0.00005 | 0.00012 | 0.00029 | 0.00066 | 0.00146 | 
-----------------------------------------------------------------------------------------------------------------------

 Sunday, 23. September 2018 03:59:29 PM