 Pareto results 
Pareto Frontier. Run number: 0 
[7015.20802543] 
[[0.04086521]] 
[[1519.45347968]] 
37287.21829209506 
[2.10059558e+00 2.17599142e-02 1.00000000e-05 5.46520322e-03
 1.96858531e+00 2.80404638e-01 1.19595362e-01 5.61246916e-02
 1.08652142e-02 1.72339106e-01 4.05957978e-02 5.47000000e-01] 
[0.70839546 0.10039224 0.12403999 0.23417453 0.11063792 1.        ] 

 
Pareto Frontier. Run number: 1 
[7009.64265137] 
[[0.03837798]] 
[[1519.99778716]] 
37203.14520927757 
[2.10616095e+00 2.61958985e-02 1.00000000e-05 2.21283565e-05
 2.05265840e+00 3.96073429e-01 3.92657124e-03 6.99517960e-02
 8.37798176e-03 7.65380215e-02 6.28476115e-02 5.47000000e-01] 
[0.7043381  0.09613779 0.12272157 0.24391733 0.11065334 0.75      ] 

 
Pareto Frontier. Run number: 2 
[7025.69128366] 
[[0.03682479]] 
[[1516.00374964]] 
37257.93489098136 
[2.09011232e+00 2.59405458e-02 1.00000000e-05 3.99625036e-02
 1.99786872e+00 4.11475739e-02 4.41147574e-01 4.61339639e-02
 6.82479021e-03 1.93251849e-01 1.23886121e-01 5.47000000e-01] 
[0.71819061 0.09495135 0.11921285 0.23563946 0.11060428 0.5       ] 

 
Pareto Frontier. Run number: 3 
[7025.68271155] 
[[0.03609602]] 
[[1516.1655333]] 
37217.32085147053 
[2.09012089e+00 2.69413844e-02 1.00000000e-05 3.83446670e-02
 2.03848275e+00 4.08447938e-01 8.44793846e-03 4.65790611e-02
 6.09601740e-03 1.81259358e-01 1.55096099e-01 5.47000000e-01] 
[0.71589059 0.09428168 0.119755   0.23803944 0.1105618  0.25      ] 

 
Pareto Frontier. Run number: 4 
[7020.08686696] 
[[0.03635355]] 
[[1520.0011566]] 
37224.78278426417 
[2.09571674e+00 2.67717175e-02 1.00000000e-05 1.15660169e-05
 2.03102082e+00 1.11319786e-04 4.00111320e-01 5.31821608e-02
 6.35354735e-03 1.57259755e-01 1.12079792e-01 5.47000000e-01] 
[0.71509517 0.09444496 0.11951933 0.23878261 0.11065068 0.        ] 

 
Total run time: 13792.4289999