 Pareto results 
Pareto Frontier. Run number: 0 
[6940.81465322] 
[[0.04283137]] 
[[1519.87691872]] 
37661.93018530351 
[2.17498895e+00 1.81701911e-02 1.00000000e-05 1.23081282e-03
 1.59387342e+00 3.31517462e-01 6.84825383e-02 1.05456162e-01
 1.28313673e-02 1.98371950e-01 2.05109135e-03 5.47000000e-01] 
[0.7344394  0.10009063 0.11684633 0.24267075 0.11093355 1.        ] 

 
Pareto Frontier. Run number: 1 
[7070.07865524] 
[[0.03280912]] 
[[1520.02404436]] 
36700.0526218412 
[2.04572495e+00 3.39360697e-02 1.00000000e-05 2.40443577e-04
 2.55575098e+00 3.95229351e-01 4.77064873e-03 2.97934837e-02
 2.80912303e-03 5.98002536e-03 8.70346701e-01 2.97044575e-01] 
[0.67324859 0.09350923 0.14054031 0.270971   0.1104203  0.75      ] 

 
Pareto Frontier. Run number: 2 
[7009.2988959] 
[[0.03651726]] 
[[1523.2924979]] 
37328.22759521453 
[ 2.10650471e+00  2.61047786e-02  1.00000000e-05 -3.29249790e-02
  1.92757601e+00  2.12467053e+00 -1.72467053e+00  4.99481078e-02
  6.51726156e-03  1.65770322e-01  2.63239483e-02  5.47000000e-01] 
[0.725382  0.09374   0.1155    0.234025  0.1104203 0.5      ] 

 
Pareto Frontier. Run number: 3 
[7070.25458152] 
[[0.03115638]] 
[[1519.99821098]] 
36969.84188591901 
[2.04554902e+00 3.34743576e-02 1.00000000e-05 1.78901548e-05
 2.28596172e+00 4.00312457e-01 3.12456977e-04 1.40731379e-02
 1.15638067e-03 9.12821203e-02 2.05976997e-01 2.34954440e-05] 
[0.70263817 0.08985604 0.12087255 0.2412855  0.11032177 0.25      ] 

 
Pareto Frontier. Run number: 4 
[7065.80443209] 
[[0.03375288]] 
[[1519.06788358]] 
37258.84698195942 
[2.04999917e+00 2.94543471e-02 1.00000000e-05 9.32116417e-03
 1.99695662e+00 1.78510067e-01 2.21489933e-01 3.66446105e-03
 3.75287747e-03 1.81158207e-01 2.99971669e-02 4.90868640e-01] 
[0.72899371 0.0905219  0.11270149 0.22465601 0.11027991 0.        ] 

 
Total run time: 6302.30500007