Pareto Frontier. Run number: 0 
[6930.72286334] 
[[0.0396914]] 
[[1515.11249112]] 
37841.50115811711 
[2.18508074e+00 2.01687145e-02 1.00000000e-05 4.88750888e-02
 1.41430245e+00 3.12875534e-01 8.71244661e-02 9.82763137e-02
 9.69139721e-03 2.82722196e-01 2.51749382e-01 5.47000000e-01
 3.78415012e-01 2.13775012e+04] 
[0.76356 0.0946  0.11    0.253   0.1109  0.5    ] 

 
Pareto Frontier. Run number: 0 
[6930.72286334] 
[[0.0396914]] 
[[1515.11249112]] 
37841.50115811711 
[2.18508074e+00 2.01687145e-02 1.00000000e-05 4.88750888e-02
 1.41430245e+00 3.12875534e-01 8.71244661e-02 9.82763137e-02
 9.69139721e-03 2.82722196e-01 2.51749382e-01 5.47000000e-01] 
[0.76356 0.0946  0.11    0.253   0.1109  0.5    ] 

 
Pareto Frontier. Run number: 1 
[7078.26917096] 
[[0.0320866]] 
[[1518.19400349]] 
36637.83185864394 
[2.03753444e+00 3.51413509e-02 1.00000000e-05 1.80599651e-02
 2.61797175e+00 1.58408563e-01 2.41591437e-01 2.48411879e-02
 2.08659820e-03 4.46259980e-04 1.24754156e+00 1.29001083e-01] 
[0.67168995 0.09278902 0.14563515 0.28138662 0.11040719 0.25      ] 

 
Pareto Frontier. Run number: 2 
