Output file with compressibility drag breakdown

  VEHICLE TAG : cruise

  REFERENCE AREA ................  68.9 m2 
  MAIN WING SWEEP ...............  26.0 deg
  MAIN WING THICKNESS RATIO .....  0.13    
 
 TOTAL COMPRESSIBILITY DRAG 
  CL   |  M=0.450 | M=0.500 | M=0.550 | M=0.600 | M=0.650 | M=0.700 | M=0.750 | M=0.800 | M=0.850 | M=0.900 | M=0.950 | 
 0.300 |  0.00000 | 0.00000 | 0.00001 | 0.00004 | 0.00014 | 0.00040 | 0.00111 | 0.00285 | 0.00692 | 0.01598 | 0.03527 | 
 0.350 |  0.00000 | 0.00000 | 0.00001 | 0.00005 | 0.00017 | 0.00049 | 0.00135 | 0.00348 | 0.00845 | 0.01951 | 0.04305 | 
 0.400 |  0.00000 | 0.00000 | 0.00002 | 0.00006 | 0.00020 | 0.00060 | 0.00164 | 0.00422 | 0.01025 | 0.02367 | 0.05224 | 
 0.450 |  0.00000 | 0.00001 | 0.00002 | 0.00008 | 0.00024 | 0.00072 | 0.00197 | 0.00508 | 0.01234 | 0.02850 | 0.06289 | 
 0.500 |  0.00000 | 0.00001 | 0.00003 | 0.00009 | 0.00029 | 0.00086 | 0.00236 | 0.00606 | 0.01472 | 0.03399 | 0.07502 | 
 0.550 |  0.00000 | 0.00001 | 0.00003 | 0.00011 | 0.00034 | 0.00101 | 0.00278 | 0.00715 | 0.01738 | 0.04013 | 0.08857 | 
 0.600 |  0.00000 | 0.00001 | 0.00003 | 0.00012 | 0.00040 | 0.00118 | 0.00325 | 0.00835 | 0.02029 | 0.04684 | 0.10338 | 
 0.650 |  0.00000 | 0.00001 | 0.00004 | 0.00014 | 0.00046 | 0.00136 | 0.00374 | 0.00963 | 0.02339 | 0.05401 | 0.11919 | 
 0.700 |  0.00000 | 0.00001 | 0.00005 | 0.00016 | 0.00052 | 0.00155 | 0.00426 | 0.01096 | 0.02662 | 0.06146 | 0.13564 | 
 0.750 |  0.00000 | 0.00001 | 0.00005 | 0.00018 | 0.00059 | 0.00174 | 0.00478 | 0.01230 | 0.02988 | 0.06899 | 0.15226 | 
 0.800 |  0.00000 | 0.00001 | 0.00006 | 0.00020 | 0.00065 | 0.00193 | 0.00529 | 0.01361 | 0.03307 | 0.07635 | 0.16850 | 
-----------------------------------------------------------------------------------------------------------------------
 HORIZONTAL_STABILIZER  ( t/c: 0.110 )
  CL   |  M=0.450 | M=0.500 | M=0.550 | M=0.600 | M=0.650 | M=0.700 | M=0.750 | M=0.800 | M=0.850 | M=0.900 | M=0.950 | 
 0.300 |  0.00000 | 0.00000 | 0.00000 | 0.00000 | 0.00001 | 0.00003 | 0.00008 | 0.00021 | 0.00052 | 0.00120 | 0.00264 | 
 0.350 |  0.00000 | 0.00000 | 0.00000 | 0.00000 | 0.00001 | 0.00003 | 0.00008 | 0.00021 | 0.00052 | 0.00120 | 0.00264 | 
 0.400 |  0.00000 | 0.00000 | 0.00000 | 0.00000 | 0.00001 | 0.00003 | 0.00008 | 0.00021 | 0.00052 | 0.00120 | 0.00264 | 
 0.450 |  0.00000 | 0.00000 | 0.00000 | 0.00000 | 0.00001 | 0.00003 | 0.00008 | 0.00021 | 0.00052 | 0.00120 | 0.00264 | 
 0.500 |  0.00000 | 0.00000 | 0.00000 | 0.00000 | 0.00001 | 0.00003 | 0.00008 | 0.00021 | 0.00052 | 0.00120 | 0.00264 | 
 0.550 |  0.00000 | 0.00000 | 0.00000 | 0.00000 | 0.00001 | 0.00003 | 0.00008 | 0.00021 | 0.00052 | 0.00120 | 0.00264 | 
 0.600 |  0.00000 | 0.00000 | 0.00000 | 0.00000 | 0.00001 | 0.00003 | 0.00008 | 0.00021 | 0.00052 | 0.00120 | 0.00264 | 
 0.650 |  0.00000 | 0.00000 | 0.00000 | 0.00000 | 0.00001 | 0.00003 | 0.00008 | 0.00021 | 0.00052 | 0.00120 | 0.00264 | 
 0.700 |  0.00000 | 0.00000 | 0.00000 | 0.00000 | 0.00001 | 0.00003 | 0.00008 | 0.00021 | 0.00052 | 0.00120 | 0.00264 | 
 0.750 |  0.00000 | 0.00000 | 0.00000 | 0.00000 | 0.00001 | 0.00003 | 0.00008 | 0.00021 | 0.00052 | 0.00120 | 0.00264 | 
 0.800 |  0.00000 | 0.00000 | 0.00000 | 0.00000 | 0.00001 | 0.00003 | 0.00008 | 0.00021 | 0.00052 | 0.00120 | 0.00264 | 
-----------------------------------------------------------------------------------------------------------------------
 MAIN_WING  ( t/c: 0.126 )
  CL   |  M=0.450 | M=0.500 | M=0.550 | M=0.600 | M=0.650 | M=0.700 | M=0.750 | M=0.800 | M=0.850 | M=0.900 | M=0.950 | 
 0.300 |  0.00000 | 0.00000 | 0.00001 | 0.00004 | 0.00012 | 0.00036 | 0.00098 | 0.00252 | 0.00612 | 0.01412 | 0.03117 | 
 0.350 |  0.00000 | 0.00000 | 0.00001 | 0.00005 | 0.00015 | 0.00045 | 0.00122 | 0.00315 | 0.00764 | 0.01765 | 0.03895 | 
 0.400 |  0.00000 | 0.00000 | 0.00002 | 0.00006 | 0.00019 | 0.00055 | 0.00151 | 0.00389 | 0.00945 | 0.02181 | 0.04813 | 
 0.450 |  0.00000 | 0.00000 | 0.00002 | 0.00007 | 0.00023 | 0.00067 | 0.00185 | 0.00475 | 0.01154 | 0.02664 | 0.05879 | 
 0.500 |  0.00000 | 0.00001 | 0.00002 | 0.00008 | 0.00027 | 0.00081 | 0.00223 | 0.00573 | 0.01392 | 0.03214 | 0.07092 | 
 0.550 |  0.00000 | 0.00001 | 0.00003 | 0.00010 | 0.00033 | 0.00097 | 0.00265 | 0.00682 | 0.01658 | 0.03828 | 0.08447 | 
 0.600 |  0.00000 | 0.00001 | 0.00003 | 0.00012 | 0.00038 | 0.00114 | 0.00312 | 0.00802 | 0.01948 | 0.04499 | 0.09928 | 
 0.650 |  0.00000 | 0.00001 | 0.00004 | 0.00014 | 0.00044 | 0.00132 | 0.00361 | 0.00930 | 0.02258 | 0.05215 | 0.11509 | 
 0.700 |  0.00000 | 0.00001 | 0.00004 | 0.00016 | 0.00051 | 0.00150 | 0.00413 | 0.01063 | 0.02581 | 0.05960 | 0.13154 | 
 0.750 |  0.00000 | 0.00001 | 0.00005 | 0.00018 | 0.00057 | 0.00169 | 0.00465 | 0.01197 | 0.02907 | 0.06713 | 0.14816 | 
 0.800 |  0.00000 | 0.00001 | 0.00006 | 0.00020 | 0.00064 | 0.00188 | 0.00516 | 0.01328 | 0.03226 | 0.07449 | 0.16440 | 
-----------------------------------------------------------------------------------------------------------------------
 VERTICAL_STABILIZER  ( t/c: 0.120 )
  CL   |  M=0.450 | M=0.500 | M=0.550 | M=0.600 | M=0.650 | M=0.700 | M=0.750 | M=0.800 | M=0.850 | M=0.900 | M=0.950 | 
 0.300 |  0.00000 | 0.00000 | 0.00000 | 0.00000 | 0.00001 | 0.00002 | 0.00005 | 0.00012 | 0.00029 | 0.00066 | 0.00146 | 
 0.350 |  0.00000 | 0.00000 | 0.00000 | 0.00000 | 0.00001 | 0.00002 | 0.00005 | 0.00012 | 0.00029 | 0.00066 | 0.00146 | 
 0.400 |  0.00000 | 0.00000 | 0.00000 | 0.00000 | 0.00001 | 0.00002 | 0.00005 | 0.00012 | 0.00029 | 0.00066 | 0.00146 | 
 0.450 |  0.00000 | 0.00000 | 0.00000 | 0.00000 | 0.00001 | 0.00002 | 0.00005 | 0.00012 | 0.00029 | 0.00066 | 0.00146 | 
 0.500 |  0.00000 | 0.00000 | 0.00000 | 0.00000 | 0.00001 | 0.00002 | 0.00005 | 0.00012 | 0.00029 | 0.00066 | 0.00146 | 
 0.550 |  0.00000 | 0.00000 | 0.00000 | 0.00000 | 0.00001 | 0.00002 | 0.00005 | 0.00012 | 0.00029 | 0.00066 | 0.00146 | 
 0.600 |  0.00000 | 0.00000 | 0.00000 | 0.00000 | 0.00001 | 0.00002 | 0.00005 | 0.00012 | 0.00029 | 0.00066 | 0.00146 | 
 0.650 |  0.00000 | 0.00000 | 0.00000 | 0.00000 | 0.00001 | 0.00002 | 0.00005 | 0.00012 | 0.00029 | 0.00066 | 0.00146 | 
 0.700 |  0.00000 | 0.00000 | 0.00000 | 0.00000 | 0.00001 | 0.00002 | 0.00005 | 0.00012 | 0.00029 | 0.00066 | 0.00146 | 
 0.750 |  0.00000 | 0.00000 | 0.00000 | 0.00000 | 0.00001 | 0.00002 | 0.00005 | 0.00012 | 0.00029 | 0.00066 | 0.00146 | 
 0.800 |  0.00000 | 0.00000 | 0.00000 | 0.00000 | 0.00001 | 0.00002 | 0.00005 | 0.00012 | 0.00029 | 0.00066 | 0.00146 | 
-----------------------------------------------------------------------------------------------------------------------

 Friday, 28. September 2018 12:03:20 AM