Output file with compressibility drag breakdown

  VEHICLE TAG : cruise

  REFERENCE AREA ................  74.8 m2 
  MAIN WING SWEEP ...............  25.0 deg
  MAIN WING THICKNESS RATIO .....  0.11    
 
 TOTAL COMPRESSIBILITY DRAG 
  CL   |  M=0.450 | M=0.500 | M=0.550 | M=0.600 | M=0.650 | M=0.700 | M=0.750 | M=0.800 | M=0.850 | M=0.900 | M=0.950 | 
 0.300 |  0.00000 | 0.00000 | 0.00001 | 0.00003 | 0.00011 | 0.00033 | 0.00090 | 0.00232 | 0.00563 | 0.01300 | 0.02870 | 
 0.350 |  0.00000 | 0.00000 | 0.00001 | 0.00004 | 0.00014 | 0.00040 | 0.00110 | 0.00282 | 0.00686 | 0.01584 | 0.03495 | 
 0.400 |  0.00000 | 0.00000 | 0.00001 | 0.00005 | 0.00016 | 0.00048 | 0.00133 | 0.00342 | 0.00832 | 0.01921 | 0.04240 | 
 0.450 |  0.00000 | 0.00000 | 0.00002 | 0.00006 | 0.00020 | 0.00058 | 0.00161 | 0.00413 | 0.01003 | 0.02317 | 0.05113 | 
 0.500 |  0.00000 | 0.00001 | 0.00002 | 0.00007 | 0.00024 | 0.00070 | 0.00192 | 0.00494 | 0.01201 | 0.02774 | 0.06121 | 
 0.550 |  0.00000 | 0.00001 | 0.00002 | 0.00009 | 0.00028 | 0.00083 | 0.00228 | 0.00587 | 0.01425 | 0.03292 | 0.07264 | 
 0.600 |  0.00000 | 0.00001 | 0.00003 | 0.00010 | 0.00033 | 0.00098 | 0.00268 | 0.00690 | 0.01675 | 0.03868 | 0.08536 | 
 0.650 |  0.00000 | 0.00001 | 0.00003 | 0.00012 | 0.00038 | 0.00113 | 0.00312 | 0.00802 | 0.01947 | 0.04496 | 0.09923 | 
 0.700 |  0.00000 | 0.00001 | 0.00004 | 0.00014 | 0.00044 | 0.00130 | 0.00358 | 0.00921 | 0.02237 | 0.05166 | 0.11401 | 
 0.750 |  0.00000 | 0.00001 | 0.00004 | 0.00015 | 0.00050 | 0.00148 | 0.00406 | 0.01045 | 0.02539 | 0.05863 | 0.12939 | 
 0.800 |  0.00000 | 0.00001 | 0.00005 | 0.00017 | 0.00056 | 0.00166 | 0.00455 | 0.01171 | 0.02844 | 0.06568 | 0.14494 | 
-----------------------------------------------------------------------------------------------------------------------
 HORIZONTAL_STABILIZER  ( t/c: 0.110 )
  CL   |  M=0.450 | M=0.500 | M=0.550 | M=0.600 | M=0.650 | M=0.700 | M=0.750 | M=0.800 | M=0.850 | M=0.900 | M=0.950 | 
 0.300 |  0.00000 | 0.00000 | 0.00000 | 0.00000 | 0.00001 | 0.00003 | 0.00008 | 0.00021 | 0.00052 | 0.00120 | 0.00264 | 
 0.350 |  0.00000 | 0.00000 | 0.00000 | 0.00000 | 0.00001 | 0.00003 | 0.00008 | 0.00021 | 0.00052 | 0.00120 | 0.00264 | 
 0.400 |  0.00000 | 0.00000 | 0.00000 | 0.00000 | 0.00001 | 0.00003 | 0.00008 | 0.00021 | 0.00052 | 0.00120 | 0.00264 | 
 0.450 |  0.00000 | 0.00000 | 0.00000 | 0.00000 | 0.00001 | 0.00003 | 0.00008 | 0.00021 | 0.00052 | 0.00120 | 0.00264 | 
 0.500 |  0.00000 | 0.00000 | 0.00000 | 0.00000 | 0.00001 | 0.00003 | 0.00008 | 0.00021 | 0.00052 | 0.00120 | 0.00264 | 
 0.550 |  0.00000 | 0.00000 | 0.00000 | 0.00000 | 0.00001 | 0.00003 | 0.00008 | 0.00021 | 0.00052 | 0.00120 | 0.00264 | 
 0.600 |  0.00000 | 0.00000 | 0.00000 | 0.00000 | 0.00001 | 0.00003 | 0.00008 | 0.00021 | 0.00052 | 0.00120 | 0.00264 | 
 0.650 |  0.00000 | 0.00000 | 0.00000 | 0.00000 | 0.00001 | 0.00003 | 0.00008 | 0.00021 | 0.00052 | 0.00120 | 0.00264 | 
 0.700 |  0.00000 | 0.00000 | 0.00000 | 0.00000 | 0.00001 | 0.00003 | 0.00008 | 0.00021 | 0.00052 | 0.00120 | 0.00264 | 
 0.750 |  0.00000 | 0.00000 | 0.00000 | 0.00000 | 0.00001 | 0.00003 | 0.00008 | 0.00021 | 0.00052 | 0.00120 | 0.00264 | 
 0.800 |  0.00000 | 0.00000 | 0.00000 | 0.00000 | 0.00001 | 0.00003 | 0.00008 | 0.00021 | 0.00052 | 0.00120 | 0.00264 | 
-----------------------------------------------------------------------------------------------------------------------
 MAIN_WING  ( t/c: 0.110 )
  CL   |  M=0.450 | M=0.500 | M=0.550 | M=0.600 | M=0.650 | M=0.700 | M=0.750 | M=0.800 | M=0.850 | M=0.900 | M=0.950 | 
 0.300 |  0.00000 | 0.00000 | 0.00001 | 0.00003 | 0.00010 | 0.00028 | 0.00077 | 0.00199 | 0.00483 | 0.01115 | 0.02460 | 
 0.350 |  0.00000 | 0.00000 | 0.00001 | 0.00004 | 0.00012 | 0.00035 | 0.00097 | 0.00249 | 0.00605 | 0.01398 | 0.03085 | 
 0.400 |  0.00000 | 0.00000 | 0.00001 | 0.00005 | 0.00015 | 0.00044 | 0.00120 | 0.00309 | 0.00751 | 0.01735 | 0.03830 | 
 0.450 |  0.00000 | 0.00000 | 0.00002 | 0.00006 | 0.00018 | 0.00054 | 0.00148 | 0.00380 | 0.00923 | 0.02131 | 0.04703 | 
 0.500 |  0.00000 | 0.00000 | 0.00002 | 0.00007 | 0.00022 | 0.00065 | 0.00179 | 0.00461 | 0.01121 | 0.02588 | 0.05711 | 
 0.550 |  0.00000 | 0.00001 | 0.00002 | 0.00008 | 0.00026 | 0.00078 | 0.00215 | 0.00554 | 0.01345 | 0.03106 | 0.06854 | 
 0.600 |  0.00000 | 0.00001 | 0.00003 | 0.00010 | 0.00031 | 0.00093 | 0.00255 | 0.00656 | 0.01595 | 0.03682 | 0.08126 | 
 0.650 |  0.00000 | 0.00001 | 0.00003 | 0.00011 | 0.00037 | 0.00109 | 0.00299 | 0.00768 | 0.01867 | 0.04310 | 0.09513 | 
 0.700 |  0.00000 | 0.00001 | 0.00004 | 0.00013 | 0.00042 | 0.00126 | 0.00345 | 0.00888 | 0.02157 | 0.04980 | 0.10991 | 
 0.750 |  0.00000 | 0.00001 | 0.00004 | 0.00015 | 0.00048 | 0.00143 | 0.00393 | 0.01012 | 0.02458 | 0.05677 | 0.12528 | 
 0.800 |  0.00000 | 0.00001 | 0.00005 | 0.00017 | 0.00054 | 0.00161 | 0.00442 | 0.01138 | 0.02764 | 0.06382 | 0.14084 | 
-----------------------------------------------------------------------------------------------------------------------
 VERTICAL_STABILIZER  ( t/c: 0.120 )
  CL   |  M=0.450 | M=0.500 | M=0.550 | M=0.600 | M=0.650 | M=0.700 | M=0.750 | M=0.800 | M=0.850 | M=0.900 | M=0.950 | 
 0.300 |  0.00000 | 0.00000 | 0.00000 | 0.00000 | 0.00001 | 0.00002 | 0.00005 | 0.00012 | 0.00029 | 0.00066 | 0.00146 | 
 0.350 |  0.00000 | 0.00000 | 0.00000 | 0.00000 | 0.00001 | 0.00002 | 0.00005 | 0.00012 | 0.00029 | 0.00066 | 0.00146 | 
 0.400 |  0.00000 | 0.00000 | 0.00000 | 0.00000 | 0.00001 | 0.00002 | 0.00005 | 0.00012 | 0.00029 | 0.00066 | 0.00146 | 
 0.450 |  0.00000 | 0.00000 | 0.00000 | 0.00000 | 0.00001 | 0.00002 | 0.00005 | 0.00012 | 0.00029 | 0.00066 | 0.00146 | 
 0.500 |  0.00000 | 0.00000 | 0.00000 | 0.00000 | 0.00001 | 0.00002 | 0.00005 | 0.00012 | 0.00029 | 0.00066 | 0.00146 | 
 0.550 |  0.00000 | 0.00000 | 0.00000 | 0.00000 | 0.00001 | 0.00002 | 0.00005 | 0.00012 | 0.00029 | 0.00066 | 0.00146 | 
 0.600 |  0.00000 | 0.00000 | 0.00000 | 0.00000 | 0.00001 | 0.00002 | 0.00005 | 0.00012 | 0.00029 | 0.00066 | 0.00146 | 
 0.650 |  0.00000 | 0.00000 | 0.00000 | 0.00000 | 0.00001 | 0.00002 | 0.00005 | 0.00012 | 0.00029 | 0.00066 | 0.00146 | 
 0.700 |  0.00000 | 0.00000 | 0.00000 | 0.00000 | 0.00001 | 0.00002 | 0.00005 | 0.00012 | 0.00029 | 0.00066 | 0.00146 | 
 0.750 |  0.00000 | 0.00000 | 0.00000 | 0.00000 | 0.00001 | 0.00002 | 0.00005 | 0.00012 | 0.00029 | 0.00066 | 0.00146 | 
 0.800 |  0.00000 | 0.00000 | 0.00000 | 0.00000 | 0.00001 | 0.00002 | 0.00005 | 0.00012 | 0.00029 | 0.00066 | 0.00146 | 
-----------------------------------------------------------------------------------------------------------------------

 Thursday, 27. September 2018 08:25:32 PM