 Pareto results 
Pareto Frontier. Run number: 0 
[6946.13677763] 
[[0.03932028]] 
[[1520.00004356]] 
37832.7937458 
[-4.23477009e-06 -6.00156454e-06  2.12798571e-02  1.00000000e-05
 -4.35636550e-07  1.99992532e-02  7.46798742e-07  8.47363535e-02
  9.32028402e-03  2.57046277e-01  7.67615619e-01  4.33136177e+00] 
[1.03360573 0.94234275 0.80247635 0.8111028  0.98066959 1.01701058
 0.90711006] 

 
Pareto Frontier. Run number: 1 
[6938.21554601] 
[[0.03943891]] 
[[1520.00085014]] 
37689.2912973 
[ 1.72982187e-05 -7.10530373e-05  2.19713869e-02  1.00000000e-05
 -8.50137782e-06  1.99572917e-02  4.27082842e-05  1.00577126e-01
  9.43890847e-03  2.17175619e-01  3.92295533e-01  4.25208441e+00] 
[1.01450862 0.95065379 0.82559674 0.81748982 0.98161804 1.01315299
 0.90656711] 

 
Pareto Frontier. Run number: 2 
[6947.81132033] 
[[0.03761131]] 
[[1520.00159228]] 
37506.695992 
[-7.17825265e-05 -9.35254631e-05  2.50650003e-02  1.00000000e-05
 -1.59227719e-05  1.99904272e-02  9.57276334e-06  1.02996867e-01
  7.61131355e-03  1.68233850e-01  7.47573817e-01  4.34801968e+00] 
[0.99694011 0.9360255  0.84412884 0.83206547 0.98171903 1.00824452
 0.90528685] 

 
Pareto Frontier. Run number: 3 
[6880.1504439] 
[[0.03519371]] 
[[1520.00021081]] 
37136.410843 
[-1.91161947e-05 -5.54709442e-05  2.94322073e-02  1.00000000e-05
 -2.10809270e-06  1.99839102e-02  1.60897760e-05  1.76060060e-01
  5.19370653e-03  5.97462231e-02  4.15599954e+00  3.67144897e+00] 
[0.95812067 0.92521808 0.92273549 0.95851438 0.98629275 0.99829061
 0.90525903] 

 
Pareto Frontier. Run number: 4 
[6990.96791705] 
[[0.03218962]] 
[[1520.00003158]] 
36913.2936662 
[ 4.09482309e-07 -4.84013224e-06  3.38049811e-02  1.00000000e-05
 -3.15764969e-07  1.99971233e-02  2.87666319e-06  1.00135147e-01
  2.18962208e-03 -2.17321547e-07  3.30066075e+00  9.45321650e-01] 
[0.92864835 0.91501051 0.95329714 0.89280713 0.98133324 0.99229284
 0.90067902] 

 
Pareto Frontier. Run number: 5 
[7026.95603096] 
[[0.0313316]] 
[[1518.15662389]] 
36868.7593774 
[-1.40310694e-07 -4.42837918e-07  3.47724405e-02  1.00000000e-05
  1.84337611e-02  1.99996814e-02  3.18617185e-07  6.95685953e-02
  1.33159698e-03 -7.69511007e-08  3.59201910e+00  9.92970599e-07] 
[0.92192252 0.91354548 0.96585403 0.87711026 0.97934879 0.99109568
 0.89934025] 

 
Pareto Frontier. Run number: 6 
[7034.69888364] 
[[0.03125159]] 
[[1518.00931847]] 
36864.9049453 
[-8.22346727e-05 -2.64305436e-04  3.48718974e-02  1.00000000e-05
  1.99068153e-02  1.98785814e-02  1.21418622e-04  6.23885419e-02
  1.25159114e-03 -4.58071547e-05  3.54889992e+00  2.89777781e-04] 
[0.92090227 0.91388041 0.96721021 0.87214297 0.97888485 0.99099207
 0.89908529] 

 
Pareto Frontier. Run number: 7 
[7045.81398008] 
[[0.03113687]] 
[[1517.52324385]] 
36853.8475865 
[-2.87359182e-05 -8.30790426e-05  3.50318716e-02  1.00000000e-05
  2.47675615e-02  1.99501629e-02  4.98370921e-05  5.21589289e-02
  1.13686823e-03 -1.29301391e-05  3.63089162e+00  1.96805714e-04] 
[0.91869771 0.91495838 0.97208079 0.8670367  0.97821883 0.99069483
 0.89868618] 

 
Pareto Frontier. Run number: 8 
[7054.6800233] 
[[0.0312253]] 
[[1520.00018986]] 
36848.9155983 
[-9.59480749e-07 -4.72284584e-06  3.40277105e-02  1.00000000e-05
 -1.89860911e-06  1.99976560e-02  2.34398792e-06  3.78058110e-02
  1.22529878e-03  5.39433124e-02  3.67405014e+00  6.86020048e-06] 
[0.92048709 0.92637913 0.97570834 0.84655104 0.97794793 0.99056225
 0.89839025] 

 
Pareto Frontier. Run number: 9 
[7093.0795181] 
[[0.03087499]] 
[[1520.00500043]] 
36794.8562325 
[-4.69794651e-05 -1.71314007e-04  3.47246826e-02  1.00000000e-05
 -5.00042522e-05  1.99078898e-02  9.21102299e-05 -1.26127241e-05
  8.74994588e-04  3.74801034e-02  4.30895805e+00  3.42937763e-04] 
[0.91027184 0.9311899  1.00120456 0.83836101 0.97548179 0.98910904
 0.89691852] 

 
Total run time: 24243.145