Output file with compressibility drag breakdown

  VEHICLE TAG : cruise

  REFERENCE AREA ................  76.0 m2 
  MAIN WING SWEEP ...............  29.4 deg
  MAIN WING THICKNESS RATIO .....  0.11    
 
 TOTAL COMPRESSIBILITY DRAG 
  CL   |  M=0.450 | M=0.500 | M=0.550 | M=0.600 | M=0.650 | M=0.700 | M=0.750 | M=0.800 | M=0.850 | M=0.900 | M=0.950 | 
 0.300 |  0.00000 | 0.00000 | 0.00001 | 0.00002 | 0.00008 | 0.00023 | 0.00063 | 0.00162 | 0.00393 | 0.00907 | 0.02001 | 
 0.350 |  0.00000 | 0.00000 | 0.00001 | 0.00003 | 0.00009 | 0.00028 | 0.00076 | 0.00196 | 0.00476 | 0.01099 | 0.02425 | 
 0.400 |  0.00000 | 0.00000 | 0.00001 | 0.00004 | 0.00011 | 0.00034 | 0.00092 | 0.00237 | 0.00575 | 0.01328 | 0.02930 | 
 0.450 |  0.00000 | 0.00000 | 0.00001 | 0.00004 | 0.00014 | 0.00040 | 0.00111 | 0.00284 | 0.00691 | 0.01595 | 0.03521 | 
 0.500 |  0.00000 | 0.00000 | 0.00001 | 0.00005 | 0.00016 | 0.00048 | 0.00132 | 0.00339 | 0.00823 | 0.01901 | 0.04196 | 
 0.550 |  0.00000 | 0.00000 | 0.00002 | 0.00006 | 0.00019 | 0.00057 | 0.00155 | 0.00400 | 0.00972 | 0.02244 | 0.04952 | 
 0.600 |  0.00000 | 0.00000 | 0.00002 | 0.00007 | 0.00022 | 0.00066 | 0.00181 | 0.00467 | 0.01134 | 0.02618 | 0.05777 | 
 0.650 |  0.00000 | 0.00001 | 0.00002 | 0.00008 | 0.00026 | 0.00076 | 0.00209 | 0.00537 | 0.01305 | 0.03014 | 0.06653 | 
 0.700 |  0.00000 | 0.00001 | 0.00003 | 0.00009 | 0.00029 | 0.00086 | 0.00237 | 0.00610 | 0.01483 | 0.03423 | 0.07555 | 
 0.750 |  0.00000 | 0.00001 | 0.00003 | 0.00010 | 0.00033 | 0.00097 | 0.00265 | 0.00683 | 0.01659 | 0.03830 | 0.08453 | 
 0.800 |  0.00000 | 0.00001 | 0.00003 | 0.00011 | 0.00036 | 0.00106 | 0.00292 | 0.00752 | 0.01827 | 0.04219 | 0.09311 | 
-----------------------------------------------------------------------------------------------------------------------
 HORIZONTAL_STABILIZER  ( t/c: 0.110 )
  CL   |  M=0.450 | M=0.500 | M=0.550 | M=0.600 | M=0.650 | M=0.700 | M=0.750 | M=0.800 | M=0.850 | M=0.900 | M=0.950 | 
 0.300 |  0.00000 | 0.00000 | 0.00000 | 0.00000 | 0.00001 | 0.00003 | 0.00008 | 0.00021 | 0.00052 | 0.00120 | 0.00264 | 
 0.350 |  0.00000 | 0.00000 | 0.00000 | 0.00000 | 0.00001 | 0.00003 | 0.00008 | 0.00021 | 0.00052 | 0.00120 | 0.00264 | 
 0.400 |  0.00000 | 0.00000 | 0.00000 | 0.00000 | 0.00001 | 0.00003 | 0.00008 | 0.00021 | 0.00052 | 0.00120 | 0.00264 | 
 0.450 |  0.00000 | 0.00000 | 0.00000 | 0.00000 | 0.00001 | 0.00003 | 0.00008 | 0.00021 | 0.00052 | 0.00120 | 0.00264 | 
 0.500 |  0.00000 | 0.00000 | 0.00000 | 0.00000 | 0.00001 | 0.00003 | 0.00008 | 0.00021 | 0.00052 | 0.00120 | 0.00264 | 
 0.550 |  0.00000 | 0.00000 | 0.00000 | 0.00000 | 0.00001 | 0.00003 | 0.00008 | 0.00021 | 0.00052 | 0.00120 | 0.00264 | 
 0.600 |  0.00000 | 0.00000 | 0.00000 | 0.00000 | 0.00001 | 0.00003 | 0.00008 | 0.00021 | 0.00052 | 0.00120 | 0.00264 | 
 0.650 |  0.00000 | 0.00000 | 0.00000 | 0.00000 | 0.00001 | 0.00003 | 0.00008 | 0.00021 | 0.00052 | 0.00120 | 0.00264 | 
 0.700 |  0.00000 | 0.00000 | 0.00000 | 0.00000 | 0.00001 | 0.00003 | 0.00008 | 0.00021 | 0.00052 | 0.00120 | 0.00264 | 
 0.750 |  0.00000 | 0.00000 | 0.00000 | 0.00000 | 0.00001 | 0.00003 | 0.00008 | 0.00021 | 0.00052 | 0.00120 | 0.00264 | 
 0.800 |  0.00000 | 0.00000 | 0.00000 | 0.00000 | 0.00001 | 0.00003 | 0.00008 | 0.00021 | 0.00052 | 0.00120 | 0.00264 | 
-----------------------------------------------------------------------------------------------------------------------
 MAIN_WING  ( t/c: 0.113 )
  CL   |  M=0.450 | M=0.500 | M=0.550 | M=0.600 | M=0.650 | M=0.700 | M=0.750 | M=0.800 | M=0.850 | M=0.900 | M=0.950 | 
 0.300 |  0.00000 | 0.00000 | 0.00001 | 0.00002 | 0.00006 | 0.00018 | 0.00050 | 0.00128 | 0.00312 | 0.00721 | 0.01591 | 
 0.350 |  0.00000 | 0.00000 | 0.00001 | 0.00002 | 0.00008 | 0.00023 | 0.00063 | 0.00163 | 0.00395 | 0.00913 | 0.02015 | 
 0.400 |  0.00000 | 0.00000 | 0.00001 | 0.00003 | 0.00010 | 0.00029 | 0.00079 | 0.00204 | 0.00495 | 0.01142 | 0.02520 | 
 0.450 |  0.00000 | 0.00000 | 0.00001 | 0.00004 | 0.00012 | 0.00036 | 0.00098 | 0.00251 | 0.00610 | 0.01409 | 0.03111 | 
 0.500 |  0.00000 | 0.00000 | 0.00001 | 0.00005 | 0.00015 | 0.00043 | 0.00119 | 0.00306 | 0.00743 | 0.01716 | 0.03786 | 
 0.550 |  0.00000 | 0.00000 | 0.00002 | 0.00005 | 0.00018 | 0.00052 | 0.00143 | 0.00367 | 0.00891 | 0.02058 | 0.04542 | 
 0.600 |  0.00000 | 0.00000 | 0.00002 | 0.00006 | 0.00021 | 0.00061 | 0.00169 | 0.00433 | 0.01053 | 0.02432 | 0.05367 | 
 0.650 |  0.00000 | 0.00001 | 0.00002 | 0.00007 | 0.00024 | 0.00071 | 0.00196 | 0.00504 | 0.01225 | 0.02829 | 0.06243 | 
 0.700 |  0.00000 | 0.00001 | 0.00002 | 0.00009 | 0.00028 | 0.00082 | 0.00224 | 0.00577 | 0.01402 | 0.03238 | 0.07145 | 
 0.750 |  0.00000 | 0.00001 | 0.00003 | 0.00010 | 0.00031 | 0.00092 | 0.00253 | 0.00650 | 0.01578 | 0.03644 | 0.08043 | 
 0.800 |  0.00000 | 0.00001 | 0.00003 | 0.00011 | 0.00034 | 0.00102 | 0.00279 | 0.00719 | 0.01747 | 0.04033 | 0.08900 | 
-----------------------------------------------------------------------------------------------------------------------
 VERTICAL_STABILIZER  ( t/c: 0.120 )
  CL   |  M=0.450 | M=0.500 | M=0.550 | M=0.600 | M=0.650 | M=0.700 | M=0.750 | M=0.800 | M=0.850 | M=0.900 | M=0.950 | 
 0.300 |  0.00000 | 0.00000 | 0.00000 | 0.00000 | 0.00001 | 0.00002 | 0.00005 | 0.00012 | 0.00029 | 0.00066 | 0.00146 | 
 0.350 |  0.00000 | 0.00000 | 0.00000 | 0.00000 | 0.00001 | 0.00002 | 0.00005 | 0.00012 | 0.00029 | 0.00066 | 0.00146 | 
 0.400 |  0.00000 | 0.00000 | 0.00000 | 0.00000 | 0.00001 | 0.00002 | 0.00005 | 0.00012 | 0.00029 | 0.00066 | 0.00146 | 
 0.450 |  0.00000 | 0.00000 | 0.00000 | 0.00000 | 0.00001 | 0.00002 | 0.00005 | 0.00012 | 0.00029 | 0.00066 | 0.00146 | 
 0.500 |  0.00000 | 0.00000 | 0.00000 | 0.00000 | 0.00001 | 0.00002 | 0.00005 | 0.00012 | 0.00029 | 0.00066 | 0.00146 | 
 0.550 |  0.00000 | 0.00000 | 0.00000 | 0.00000 | 0.00001 | 0.00002 | 0.00005 | 0.00012 | 0.00029 | 0.00066 | 0.00146 | 
 0.600 |  0.00000 | 0.00000 | 0.00000 | 0.00000 | 0.00001 | 0.00002 | 0.00005 | 0.00012 | 0.00029 | 0.00066 | 0.00146 | 
 0.650 |  0.00000 | 0.00000 | 0.00000 | 0.00000 | 0.00001 | 0.00002 | 0.00005 | 0.00012 | 0.00029 | 0.00066 | 0.00146 | 
 0.700 |  0.00000 | 0.00000 | 0.00000 | 0.00000 | 0.00001 | 0.00002 | 0.00005 | 0.00012 | 0.00029 | 0.00066 | 0.00146 | 
 0.750 |  0.00000 | 0.00000 | 0.00000 | 0.00000 | 0.00001 | 0.00002 | 0.00005 | 0.00012 | 0.00029 | 0.00066 | 0.00146 | 
 0.800 |  0.00000 | 0.00000 | 0.00000 | 0.00000 | 0.00001 | 0.00002 | 0.00005 | 0.00012 | 0.00029 | 0.00066 | 0.00146 | 
-----------------------------------------------------------------------------------------------------------------------

 Wednesday, 26. September 2018 10:42:15 AM