 Pareto results 
Pareto Frontier. Run number: 0 
[6828.42668353] 
[[0.04132317]] 
[[1519.9574221]] 
37848.16230217983 
[2.31573316e-01 1.77189898e-02 1.00000000e-05 4.25779039e-04
 1.55583770e+00 4.05217714e-01 5.21771420e-03 1.75591055e-01
 1.13231725e-02 2.37498224e-01 5.71359761e-01 5.47000000e-01] 
[0.74908273 0.098      0.11902818 0.28949181 0.11144813 0.75      ] 

 
Pareto Frontier. Run number: 1 
[6888.98682884] 
[[0.0346497]] 
[[1520.1463855]] 
37718.629014459264 
[ 1.71013171e-01  2.60422517e-02  1.00000000e-05 -1.46385496e-03
  1.68537099e+00  3.80037180e-01  1.99628199e-02  1.33693412e-01
  4.64970013e-03  2.11507023e-01  7.25702064e-01  3.69148178e-01] 
[0.75970116 0.08918701 0.11289522 0.29449667 0.11115376 0.5       ] 

 
Pareto Frontier. Run number: 2 
[6965.2803422] 
[[0.03184577]] 
[[1456.43948291]] 
37153.95308590487 
[9.47196578e-02 2.97727851e-02 1.00000000e-05 6.35605171e-01
 2.25004691e+00 4.01649847e-01 1.64984655e-03 1.04824682e-01
 1.84577148e-03 4.88029422e-01 1.93963686e+00 1.52515815e-04] 
[0.72509639 0.09133029 0.13717819 0.3        0.11091679 0.25      ] 

 
Pareto Frontier. Run number: 3 
[6984.10781097] 
[[0.03535783]] 
[[1435.97158385]] 
37345.20700446577 
[7.58921890e-02 2.45648396e-02 1.00000000e-05 8.40284162e-01
 2.05879300e+00 2.87352259e-02 4.28735226e-01 7.94398367e-02
 5.35782671e-03 6.78903591e-01 1.90838145e+00 5.47000000e-01] 
[0.74118169 0.09488263 0.13492146 0.28342942 0.11077906 0.        ] 

 
Total run time: 5983.70300007