 DoE results 
DoE - parameter study. Run number: 0 
[7054.87468664] 
[[0.03013341]] 
[[1592.68338246]] 
[2.06092892e+00 2.77590576e-02 9.99999994e-09 8.93166175e-01
 2.33913984e+00 0.00000000e+00 4.00000000e-01] 
[0.95, 1.0, 1.0, 1.0, 1.0, 1.0] 
[0.69084    0.86       0.03275    0.11       0.23       0.10923818] 

 
DoE - parameter study. Run number: 1 
[7126.46616815] 
[[0.02386843]] 
[[1516.52188229]] 
[1.98933744e+00 2.99724617e-02 9.99999994e-09 1.65478118e+00
 2.25686636e+00 2.27373675e-13 4.00000000e-01] 
[1.0, 0.95, 1.0, 1.0, 1.0, 1.0] 
[0.7272     0.817      0.03275    0.11       0.23       0.10844074] 

 
DoE - parameter study. Run number: 2 
[7060.19269225] 
[[0.02971094]] 
[[1529.35235873]] 
[2.05561091e+00 2.45837345e-02 9.99999994e-09 1.52647641e+00
 2.11890125e+00 2.46757863e-01 1.53242137e-01] 
[1.0, 1.0, 0.95, 1.0, 1.0, 1.0] 
[0.7272     0.86       0.0311125  0.11       0.23       0.10901038] 

 
DoE - parameter study. Run number: 3 
[7024.63714426] 
[[0.03185137]] 
[[1574.02740897]] 
[2.09116646e+00 2.38232759e-02 9.99999994e-09 1.07972591e+00
 1.99315799e+00 2.69217543e-01 1.30782457e-01] 
[1.0, 1.0, 1.0, 0.95, 1.0, 1.0] 
[0.7272     0.86       0.03275    0.1045     0.23       0.10939324] 

 
DoE - parameter study. Run number: 4 
[7103.18358707] 
[[0.02930842]] 
[[1521.99003976]] 
[2.01262002e+00 2.49334034e-02 9.99999994e-09 1.60009960e+00
 2.13813402e+00 1.79044062e-01 2.20955938e-01] 
[1.0, 1.0, 1.0, 1.0, 0.95, 1.0] 
[0.7272     0.86       0.03275    0.11       0.2185     0.10848285] 

 
DoE - parameter study. Run number: 5 
[7084.13486657] 
[[0.02915925]] 
[[1475.20644932]] 
[2.03166874e+00 2.14524256e-02 9.99999994e-09 2.06793551e+00
 1.86857583e+00 0.00000000e+00 4.00000000e-01] 
[1.05, 1.0, 1.0, 1.0, 1.0, 1.0] 
[0.76356    0.86       0.03275    0.11       0.23       0.10865118] 

 
DoE - parameter study. Run number: 6 
[7008.38580654] 
[[0.034589]] 
[[1545.05441997]] 
[2.10741780e+00 1.93371753e-02 9.99999994e-09 1.36945580e+00
 1.94524827e+00 4.00000000e-01 2.27373675e-13] 
[1.0, 1.05, 1.0, 1.0, 1.0, 1.0] 
[0.7272     0.903      0.03275    0.11       0.23       0.10938172] 

 
DoE - parameter study. Run number: 7 
[7066.50203678] 
[[0.02960328]] 
[[1531.81797951]] 
[2.04930157e+00 2.46761921e-02 9.99999994e-09 1.50182020e+00
 2.08821943e+00 4.00000000e-01 2.27373675e-13] 
[1.0, 1.0, 1.05, 1.0, 1.0, 1.0] 
[0.7272     0.86       0.0343875  0.11       0.23       0.10891909] 

 
DoE - parameter study. Run number: 8 
[7108.32645524] 
[[0.02747954]] 
[[1492.80653533]] 
[2.00747715e+00 2.54496810e-02 9.99999994e-09 1.89193465e+00
 2.20282546e+00 1.41328261e-01 2.58671739e-01] 
[1.0, 1.0, 1.0, 1.05, 1.0, 1.0] 
[0.7272     0.86       0.03275    0.1155     0.23       0.10843318] 

 
DoE - parameter study. Run number: 9 
[7026.11074726] 
[[0.03001302]] 
[[1539.80331806]] 
[2.08969286e+00 2.43221040e-02 9.99999994e-09 1.42196682e+00
 2.06597675e+00 2.59435842e-01 1.40564158e-01] 
[1.0, 1.0, 1.0, 1.0, 1.05, 1.0] 
[0.7272     0.86       0.03275    0.11       0.2415     0.10939119] 

 
