Output file with compressibility drag breakdown

  VEHICLE TAG : cruise

  REFERENCE AREA ................  71.0 m2 
  MAIN WING SWEEP ...............  30.0 deg
  MAIN WING THICKNESS RATIO .....  0.13    
 
 TOTAL COMPRESSIBILITY DRAG 
  CL   |  M=0.450 | M=0.500 | M=0.550 | M=0.600 | M=0.650 | M=0.700 | M=0.750 | M=0.800 | M=0.850 | M=0.900 | M=0.950 | 
 0.300 |  0.00000 | 0.00000 | 0.00001 | 0.00003 | 0.00009 | 0.00028 | 0.00077 | 0.00198 | 0.00482 | 0.01113 | 0.02456 | 
 0.350 |  0.00000 | 0.00000 | 0.00001 | 0.00004 | 0.00012 | 0.00034 | 0.00094 | 0.00241 | 0.00587 | 0.01355 | 0.02989 | 
 0.400 |  0.00000 | 0.00000 | 0.00001 | 0.00004 | 0.00014 | 0.00041 | 0.00114 | 0.00292 | 0.00710 | 0.01639 | 0.03617 | 
 0.450 |  0.00000 | 0.00000 | 0.00001 | 0.00005 | 0.00017 | 0.00050 | 0.00136 | 0.00351 | 0.00852 | 0.01967 | 0.04342 | 
 0.500 |  0.00000 | 0.00000 | 0.00002 | 0.00006 | 0.00020 | 0.00059 | 0.00162 | 0.00417 | 0.01012 | 0.02337 | 0.05158 | 
 0.550 |  0.00000 | 0.00001 | 0.00002 | 0.00007 | 0.00023 | 0.00069 | 0.00190 | 0.00489 | 0.01189 | 0.02744 | 0.06057 | 
 0.600 |  0.00000 | 0.00001 | 0.00002 | 0.00008 | 0.00027 | 0.00080 | 0.00220 | 0.00567 | 0.01377 | 0.03180 | 0.07017 | 
 0.650 |  0.00000 | 0.00001 | 0.00003 | 0.00010 | 0.00031 | 0.00092 | 0.00252 | 0.00647 | 0.01573 | 0.03631 | 0.08014 | 
 0.700 |  0.00000 | 0.00001 | 0.00003 | 0.00011 | 0.00035 | 0.00103 | 0.00283 | 0.00728 | 0.01769 | 0.04084 | 0.09012 | 
 0.750 |  0.00000 | 0.00001 | 0.00003 | 0.00012 | 0.00039 | 0.00114 | 0.00313 | 0.00805 | 0.01957 | 0.04518 | 0.09972 | 
 0.800 |  0.00000 | 0.00001 | 0.00004 | 0.00013 | 0.00042 | 0.00124 | 0.00341 | 0.00876 | 0.02129 | 0.04916 | 0.10849 | 
-----------------------------------------------------------------------------------------------------------------------
 HORIZONTAL_STABILIZER  ( t/c: 0.110 )
  CL   |  M=0.450 | M=0.500 | M=0.550 | M=0.600 | M=0.650 | M=0.700 | M=0.750 | M=0.800 | M=0.850 | M=0.900 | M=0.950 | 
 0.300 |  0.00000 | 0.00000 | 0.00000 | 0.00000 | 0.00001 | 0.00003 | 0.00008 | 0.00021 | 0.00052 | 0.00120 | 0.00264 | 
 0.350 |  0.00000 | 0.00000 | 0.00000 | 0.00000 | 0.00001 | 0.00003 | 0.00008 | 0.00021 | 0.00052 | 0.00120 | 0.00264 | 
 0.400 |  0.00000 | 0.00000 | 0.00000 | 0.00000 | 0.00001 | 0.00003 | 0.00008 | 0.00021 | 0.00052 | 0.00120 | 0.00264 | 
 0.450 |  0.00000 | 0.00000 | 0.00000 | 0.00000 | 0.00001 | 0.00003 | 0.00008 | 0.00021 | 0.00052 | 0.00120 | 0.00264 | 
 0.500 |  0.00000 | 0.00000 | 0.00000 | 0.00000 | 0.00001 | 0.00003 | 0.00008 | 0.00021 | 0.00052 | 0.00120 | 0.00264 | 
 0.550 |  0.00000 | 0.00000 | 0.00000 | 0.00000 | 0.00001 | 0.00003 | 0.00008 | 0.00021 | 0.00052 | 0.00120 | 0.00264 | 
 0.600 |  0.00000 | 0.00000 | 0.00000 | 0.00000 | 0.00001 | 0.00003 | 0.00008 | 0.00021 | 0.00052 | 0.00120 | 0.00264 | 
 0.650 |  0.00000 | 0.00000 | 0.00000 | 0.00000 | 0.00001 | 0.00003 | 0.00008 | 0.00021 | 0.00052 | 0.00120 | 0.00264 | 
 0.700 |  0.00000 | 0.00000 | 0.00000 | 0.00000 | 0.00001 | 0.00003 | 0.00008 | 0.00021 | 0.00052 | 0.00120 | 0.00264 | 
 0.750 |  0.00000 | 0.00000 | 0.00000 | 0.00000 | 0.00001 | 0.00003 | 0.00008 | 0.00021 | 0.00052 | 0.00120 | 0.00264 | 
 0.800 |  0.00000 | 0.00000 | 0.00000 | 0.00000 | 0.00001 | 0.00003 | 0.00008 | 0.00021 | 0.00052 | 0.00120 | 0.00264 | 
-----------------------------------------------------------------------------------------------------------------------
 MAIN_WING  ( t/c: 0.128 )
  CL   |  M=0.450 | M=0.500 | M=0.550 | M=0.600 | M=0.650 | M=0.700 | M=0.750 | M=0.800 | M=0.850 | M=0.900 | M=0.950 | 
 0.300 |  0.00000 | 0.00000 | 0.00001 | 0.00002 | 0.00008 | 0.00023 | 0.00064 | 0.00165 | 0.00402 | 0.00927 | 0.02046 | 
 0.350 |  0.00000 | 0.00000 | 0.00001 | 0.00003 | 0.00010 | 0.00029 | 0.00081 | 0.00208 | 0.00506 | 0.01169 | 0.02579 | 
 0.400 |  0.00000 | 0.00000 | 0.00001 | 0.00004 | 0.00012 | 0.00037 | 0.00101 | 0.00259 | 0.00629 | 0.01453 | 0.03207 | 
 0.450 |  0.00000 | 0.00000 | 0.00001 | 0.00005 | 0.00015 | 0.00045 | 0.00123 | 0.00318 | 0.00771 | 0.01781 | 0.03932 | 
 0.500 |  0.00000 | 0.00000 | 0.00002 | 0.00006 | 0.00018 | 0.00054 | 0.00149 | 0.00384 | 0.00932 | 0.02152 | 0.04748 | 
 0.550 |  0.00000 | 0.00000 | 0.00002 | 0.00007 | 0.00022 | 0.00065 | 0.00177 | 0.00456 | 0.01108 | 0.02559 | 0.05646 | 
 0.600 |  0.00000 | 0.00001 | 0.00002 | 0.00008 | 0.00026 | 0.00076 | 0.00207 | 0.00534 | 0.01297 | 0.02994 | 0.06607 | 
 0.650 |  0.00000 | 0.00001 | 0.00003 | 0.00009 | 0.00029 | 0.00087 | 0.00239 | 0.00614 | 0.01492 | 0.03445 | 0.07604 | 
 0.700 |  0.00000 | 0.00001 | 0.00003 | 0.00010 | 0.00033 | 0.00098 | 0.00270 | 0.00695 | 0.01688 | 0.03898 | 0.08602 | 
 0.750 |  0.00000 | 0.00001 | 0.00003 | 0.00011 | 0.00037 | 0.00109 | 0.00300 | 0.00772 | 0.01876 | 0.04333 | 0.09562 | 
 0.800 |  0.00000 | 0.00001 | 0.00003 | 0.00012 | 0.00040 | 0.00119 | 0.00328 | 0.00843 | 0.02048 | 0.04730 | 0.10439 | 
-----------------------------------------------------------------------------------------------------------------------
 VERTICAL_STABILIZER  ( t/c: 0.120 )
  CL   |  M=0.450 | M=0.500 | M=0.550 | M=0.600 | M=0.650 | M=0.700 | M=0.750 | M=0.800 | M=0.850 | M=0.900 | M=0.950 | 
 0.300 |  0.00000 | 0.00000 | 0.00000 | 0.00000 | 0.00001 | 0.00002 | 0.00005 | 0.00012 | 0.00029 | 0.00066 | 0.00146 | 
 0.350 |  0.00000 | 0.00000 | 0.00000 | 0.00000 | 0.00001 | 0.00002 | 0.00005 | 0.00012 | 0.00029 | 0.00066 | 0.00146 | 
 0.400 |  0.00000 | 0.00000 | 0.00000 | 0.00000 | 0.00001 | 0.00002 | 0.00005 | 0.00012 | 0.00029 | 0.00066 | 0.00146 | 
 0.450 |  0.00000 | 0.00000 | 0.00000 | 0.00000 | 0.00001 | 0.00002 | 0.00005 | 0.00012 | 0.00029 | 0.00066 | 0.00146 | 
 0.500 |  0.00000 | 0.00000 | 0.00000 | 0.00000 | 0.00001 | 0.00002 | 0.00005 | 0.00012 | 0.00029 | 0.00066 | 0.00146 | 
 0.550 |  0.00000 | 0.00000 | 0.00000 | 0.00000 | 0.00001 | 0.00002 | 0.00005 | 0.00012 | 0.00029 | 0.00066 | 0.00146 | 
 0.600 |  0.00000 | 0.00000 | 0.00000 | 0.00000 | 0.00001 | 0.00002 | 0.00005 | 0.00012 | 0.00029 | 0.00066 | 0.00146 | 
 0.650 |  0.00000 | 0.00000 | 0.00000 | 0.00000 | 0.00001 | 0.00002 | 0.00005 | 0.00012 | 0.00029 | 0.00066 | 0.00146 | 
 0.700 |  0.00000 | 0.00000 | 0.00000 | 0.00000 | 0.00001 | 0.00002 | 0.00005 | 0.00012 | 0.00029 | 0.00066 | 0.00146 | 
 0.750 |  0.00000 | 0.00000 | 0.00000 | 0.00000 | 0.00001 | 0.00002 | 0.00005 | 0.00012 | 0.00029 | 0.00066 | 0.00146 | 
 0.800 |  0.00000 | 0.00000 | 0.00000 | 0.00000 | 0.00001 | 0.00002 | 0.00005 | 0.00012 | 0.00029 | 0.00066 | 0.00146 | 
-----------------------------------------------------------------------------------------------------------------------

 Thursday, 27. September 2018 09:25:16 PM