Output file with compressibility drag breakdown

  VEHICLE TAG : cruise

  REFERENCE AREA ................  73.3 m2 
  MAIN WING SWEEP ...............  30.0 deg
  MAIN WING THICKNESS RATIO .....  0.12    
 
 TOTAL COMPRESSIBILITY DRAG 
  CL   |  M=0.450 | M=0.500 | M=0.550 | M=0.600 | M=0.650 | M=0.700 | M=0.750 | M=0.800 | M=0.850 | M=0.900 | M=0.950 | 
 0.300 |  0.00000 | 0.00000 | 0.00001 | 0.00003 | 0.00008 | 0.00025 | 0.00069 | 0.00176 | 0.00429 | 0.00989 | 0.02184 | 
 0.350 |  0.00000 | 0.00000 | 0.00001 | 0.00003 | 0.00010 | 0.00030 | 0.00083 | 0.00214 | 0.00520 | 0.01202 | 0.02652 | 
 0.400 |  0.00000 | 0.00000 | 0.00001 | 0.00004 | 0.00012 | 0.00037 | 0.00101 | 0.00259 | 0.00629 | 0.01453 | 0.03207 | 
 0.450 |  0.00000 | 0.00000 | 0.00001 | 0.00005 | 0.00015 | 0.00044 | 0.00121 | 0.00311 | 0.00756 | 0.01745 | 0.03850 | 
 0.500 |  0.00000 | 0.00000 | 0.00002 | 0.00005 | 0.00018 | 0.00052 | 0.00144 | 0.00370 | 0.00899 | 0.02075 | 0.04580 | 
 0.550 |  0.00000 | 0.00000 | 0.00002 | 0.00006 | 0.00021 | 0.00062 | 0.00169 | 0.00435 | 0.01057 | 0.02441 | 0.05388 | 
 0.600 |  0.00000 | 0.00001 | 0.00002 | 0.00007 | 0.00024 | 0.00072 | 0.00197 | 0.00506 | 0.01228 | 0.02836 | 0.06260 | 
 0.650 |  0.00000 | 0.00001 | 0.00002 | 0.00009 | 0.00028 | 0.00082 | 0.00225 | 0.00579 | 0.01407 | 0.03250 | 0.07172 | 
 0.700 |  0.00000 | 0.00001 | 0.00003 | 0.00010 | 0.00031 | 0.00093 | 0.00254 | 0.00654 | 0.01588 | 0.03668 | 0.08095 | 
 0.750 |  0.00000 | 0.00001 | 0.00003 | 0.00011 | 0.00035 | 0.00103 | 0.00282 | 0.00726 | 0.01765 | 0.04075 | 0.08994 | 
 0.800 |  0.00000 | 0.00001 | 0.00003 | 0.00012 | 0.00038 | 0.00112 | 0.00309 | 0.00794 | 0.01929 | 0.04454 | 0.09829 | 
-----------------------------------------------------------------------------------------------------------------------
 HORIZONTAL_STABILIZER  ( t/c: 0.110 )
  CL   |  M=0.450 | M=0.500 | M=0.550 | M=0.600 | M=0.650 | M=0.700 | M=0.750 | M=0.800 | M=0.850 | M=0.900 | M=0.950 | 
 0.300 |  0.00000 | 0.00000 | 0.00000 | 0.00000 | 0.00001 | 0.00003 | 0.00008 | 0.00021 | 0.00052 | 0.00120 | 0.00264 | 
 0.350 |  0.00000 | 0.00000 | 0.00000 | 0.00000 | 0.00001 | 0.00003 | 0.00008 | 0.00021 | 0.00052 | 0.00120 | 0.00264 | 
 0.400 |  0.00000 | 0.00000 | 0.00000 | 0.00000 | 0.00001 | 0.00003 | 0.00008 | 0.00021 | 0.00052 | 0.00120 | 0.00264 | 
 0.450 |  0.00000 | 0.00000 | 0.00000 | 0.00000 | 0.00001 | 0.00003 | 0.00008 | 0.00021 | 0.00052 | 0.00120 | 0.00264 | 
 0.500 |  0.00000 | 0.00000 | 0.00000 | 0.00000 | 0.00001 | 0.00003 | 0.00008 | 0.00021 | 0.00052 | 0.00120 | 0.00264 | 
 0.550 |  0.00000 | 0.00000 | 0.00000 | 0.00000 | 0.00001 | 0.00003 | 0.00008 | 0.00021 | 0.00052 | 0.00120 | 0.00264 | 
 0.600 |  0.00000 | 0.00000 | 0.00000 | 0.00000 | 0.00001 | 0.00003 | 0.00008 | 0.00021 | 0.00052 | 0.00120 | 0.00264 | 
 0.650 |  0.00000 | 0.00000 | 0.00000 | 0.00000 | 0.00001 | 0.00003 | 0.00008 | 0.00021 | 0.00052 | 0.00120 | 0.00264 | 
 0.700 |  0.00000 | 0.00000 | 0.00000 | 0.00000 | 0.00001 | 0.00003 | 0.00008 | 0.00021 | 0.00052 | 0.00120 | 0.00264 | 
 0.750 |  0.00000 | 0.00000 | 0.00000 | 0.00000 | 0.00001 | 0.00003 | 0.00008 | 0.00021 | 0.00052 | 0.00120 | 0.00264 | 
 0.800 |  0.00000 | 0.00000 | 0.00000 | 0.00000 | 0.00001 | 0.00003 | 0.00008 | 0.00021 | 0.00052 | 0.00120 | 0.00264 | 
-----------------------------------------------------------------------------------------------------------------------
 MAIN_WING  ( t/c: 0.121 )
  CL   |  M=0.450 | M=0.500 | M=0.550 | M=0.600 | M=0.650 | M=0.700 | M=0.750 | M=0.800 | M=0.850 | M=0.900 | M=0.950 | 
 0.300 |  0.00000 | 0.00000 | 0.00001 | 0.00002 | 0.00007 | 0.00020 | 0.00056 | 0.00143 | 0.00348 | 0.00804 | 0.01773 | 
 0.350 |  0.00000 | 0.00000 | 0.00001 | 0.00003 | 0.00009 | 0.00026 | 0.00070 | 0.00181 | 0.00440 | 0.01016 | 0.02242 | 
 0.400 |  0.00000 | 0.00000 | 0.00001 | 0.00003 | 0.00011 | 0.00032 | 0.00088 | 0.00226 | 0.00549 | 0.01267 | 0.02796 | 
 0.450 |  0.00000 | 0.00000 | 0.00001 | 0.00004 | 0.00013 | 0.00039 | 0.00108 | 0.00278 | 0.00675 | 0.01559 | 0.03440 | 
 0.500 |  0.00000 | 0.00000 | 0.00001 | 0.00005 | 0.00016 | 0.00048 | 0.00131 | 0.00337 | 0.00818 | 0.01889 | 0.04170 | 
 0.550 |  0.00000 | 0.00000 | 0.00002 | 0.00006 | 0.00019 | 0.00057 | 0.00156 | 0.00402 | 0.00977 | 0.02256 | 0.04978 | 
 0.600 |  0.00000 | 0.00000 | 0.00002 | 0.00007 | 0.00023 | 0.00067 | 0.00184 | 0.00472 | 0.01148 | 0.02650 | 0.05849 | 
 0.650 |  0.00000 | 0.00001 | 0.00002 | 0.00008 | 0.00026 | 0.00077 | 0.00212 | 0.00546 | 0.01327 | 0.03064 | 0.06761 | 
 0.700 |  0.00000 | 0.00001 | 0.00003 | 0.00009 | 0.00030 | 0.00088 | 0.00241 | 0.00621 | 0.01508 | 0.03482 | 0.07685 | 
 0.750 |  0.00000 | 0.00001 | 0.00003 | 0.00010 | 0.00033 | 0.00098 | 0.00270 | 0.00693 | 0.01684 | 0.03889 | 0.08583 | 
 0.800 |  0.00000 | 0.00001 | 0.00003 | 0.00011 | 0.00036 | 0.00108 | 0.00296 | 0.00761 | 0.01848 | 0.04268 | 0.09418 | 
-----------------------------------------------------------------------------------------------------------------------
 VERTICAL_STABILIZER  ( t/c: 0.120 )
  CL   |  M=0.450 | M=0.500 | M=0.550 | M=0.600 | M=0.650 | M=0.700 | M=0.750 | M=0.800 | M=0.850 | M=0.900 | M=0.950 | 
 0.300 |  0.00000 | 0.00000 | 0.00000 | 0.00000 | 0.00001 | 0.00002 | 0.00005 | 0.00012 | 0.00029 | 0.00066 | 0.00146 | 
 0.350 |  0.00000 | 0.00000 | 0.00000 | 0.00000 | 0.00001 | 0.00002 | 0.00005 | 0.00012 | 0.00029 | 0.00066 | 0.00146 | 
 0.400 |  0.00000 | 0.00000 | 0.00000 | 0.00000 | 0.00001 | 0.00002 | 0.00005 | 0.00012 | 0.00029 | 0.00066 | 0.00146 | 
 0.450 |  0.00000 | 0.00000 | 0.00000 | 0.00000 | 0.00001 | 0.00002 | 0.00005 | 0.00012 | 0.00029 | 0.00066 | 0.00146 | 
 0.500 |  0.00000 | 0.00000 | 0.00000 | 0.00000 | 0.00001 | 0.00002 | 0.00005 | 0.00012 | 0.00029 | 0.00066 | 0.00146 | 
 0.550 |  0.00000 | 0.00000 | 0.00000 | 0.00000 | 0.00001 | 0.00002 | 0.00005 | 0.00012 | 0.00029 | 0.00066 | 0.00146 | 
 0.600 |  0.00000 | 0.00000 | 0.00000 | 0.00000 | 0.00001 | 0.00002 | 0.00005 | 0.00012 | 0.00029 | 0.00066 | 0.00146 | 
 0.650 |  0.00000 | 0.00000 | 0.00000 | 0.00000 | 0.00001 | 0.00002 | 0.00005 | 0.00012 | 0.00029 | 0.00066 | 0.00146 | 
 0.700 |  0.00000 | 0.00000 | 0.00000 | 0.00000 | 0.00001 | 0.00002 | 0.00005 | 0.00012 | 0.00029 | 0.00066 | 0.00146 | 
 0.750 |  0.00000 | 0.00000 | 0.00000 | 0.00000 | 0.00001 | 0.00002 | 0.00005 | 0.00012 | 0.00029 | 0.00066 | 0.00146 | 
 0.800 |  0.00000 | 0.00000 | 0.00000 | 0.00000 | 0.00001 | 0.00002 | 0.00005 | 0.00012 | 0.00029 | 0.00066 | 0.00146 | 
-----------------------------------------------------------------------------------------------------------------------

 Thursday, 27. September 2018 08:06:29 PM