 Pareto results 
Pareto Frontier. Run number: 0 
[6756.83833159] 
[[0.04304549]] 
[[1520.00001126]] 
37685.9924534 
[-3.29718314e-07 -4.95618697e-07  1.70319714e-02  1.00000000e-05
 -1.12577932e-07  1.99999464e-02  5.35611662e-08  2.30271633e-01
  1.30454869e-02  1.99911865e-01  4.41672343e+00  2.43838282e+00] 
[1.00278844 1.         0.89829962 1.         0.98989543 1.01306431
 0.91189656] 

 
Pareto Frontier. Run number: 1 
[6758.07659977] 
[[0.04285299]] 
[[1520.0000502]] 
37605.7143963 
[-1.44954316e-06 -2.13258019e-06  1.78056317e-02  1.00000000e-05
 -5.01993929e-07  1.99997857e-02  2.14318084e-07  2.34461952e-01
  1.28529880e-02  1.78484297e-01  4.30227184e+00  2.45076387e+00] 
[0.99418615 1.         0.90892764 1.         0.99013332 1.0109063
 0.9114347 ] 

 
Pareto Frontier. Run number: 2 
[6760.21546033] 
[[0.04264815]] 
[[1520.00002443]] 
37526.9479413 
[-6.39316349e-07 -9.89585096e-07  1.85880750e-02  1.00000000e-05
 -2.44339708e-07  1.99998915e-02  1.08517543e-07  2.37981683e-01
  1.26481484e-02  1.57343445e-01  4.22878294e+00  2.47215361e+00] 
[0.98570307 1.         0.91999947 1.         0.99032899 1.00878892
 0.91095227] 

 
Pareto Frontier. Run number: 3 
[6763.31932673] 
[[0.04243172]] 
[[1520.00006618]] 
37449.9340728 
[-1.42021847e-06 -2.42632756e-06  1.93773392e-02  1.00000000e-05
 -6.61812537e-07  1.99996429e-02  3.57079375e-07  2.40771685e-01
  1.24317200e-02  1.36559126e-01  4.20101928e+00  2.50319084e+00] 
[0.977367   1.         0.93153187 1.         0.99047874 1.00671866
 0.91044856] 

 
Pareto Frontier. Run number: 4 
[6772.6900658] 
[[0.04196892]] 
[[1520.00027247]] 
37302.2705968 
[-4.71222324e-06 -8.95504421e-06  2.09660549e-02  1.00000000e-05
 -2.72465012e-06  1.99984109e-02  1.58906123e-06  2.43895078e-01
  1.19689245e-02  9.63900749e-02  4.30450226e+00  2.59689170e+00] 
[0.96126707 1.         0.9560368  1.         0.99062368 1.00274921
 0.90937512] 

 
Pareto Frontier. Run number: 5 
[6779.09182137] 
[[0.04172613]] 
[[1520.00040463]] 
37232.2545767 
[-6.77328298e-06 -1.29964433e-05  2.17588915e-02  1.00000000e-05
 -4.04630048e-06  1.99976671e-02  2.33293924e-06  2.44079163e-01
  1.17261336e-02  7.71967394e-02  4.44804281e+00  2.66090522e+00] 
[0.95358039 1.         0.9690298  1.         0.99060948 1.00086706
 0.90880471] 

 
Pareto Frontier. Run number: 6 
[6786.72405379] 
[[0.04147907]] 
[[1520.00051212]] 
37165.2644252 
[-8.29297900e-06 -1.60248463e-05  2.25451293e-02  1.00000000e-05
 -5.12118332e-06  1.99971285e-02  2.87149819e-06  2.43235443e-01
  1.14790703e-02  5.87449594e-02  4.66184169e+00  2.73722451e+00] 
[0.9461961  1.         0.98252043 1.         0.99053062 0.99906625
 0.90821188] 

 
Pareto Frontier. Run number: 7 
[6795.64377131] 
[[0.04123104]] 
[[1520.00061486]] 
37101.7054381 
[-9.88363219e-06 -1.88997215e-05  2.33196013e-02  1.00000000e-05
 -6.14863442e-06  1.99966449e-02  3.35512370e-06  2.41276195e-01
  1.12310399e-02  4.11596716e-02  4.95317824e+00  2.82641881e+00] 
[0.93916609 1.         0.99650082 1.         0.9903816  0.99735767
 0.90759717] 

 
Pareto Frontier. Run number: 8 
[6817.5430662] 
[[0.04074818]] 
[[1520.00177647]] 
36986.496935 
[-2.88402879e-05 -4.57901757e-05  2.48105200e-02  1.00000000e-05
 -1.77647086e-05  1.99887447e-02  1.12553247e-05  2.33641057e-01
  1.07481776e-02  9.09117574e-03  5.79926032e+00  3.04538487e+00] 
[0.92638403 1.         1.0258759  1.         0.98984979 0.99426067
 0.9063054 ] 

 
Pareto Frontier. Run number: 9 
[6825.60069831] 
[[0.04060441]] 
[[1520.00050067]] 
36953.9290328 
[-7.00594224e-06 -1.18320640e-05  2.52576354e-02  1.00000000e-05
 -5.00672204e-06  1.99967172e-02  3.28277404e-06  2.30111381e-01
  1.06044054e-02 -3.27765106e-06  6.14677644e+00  3.12599515e+00] 
[0.92276977 1.         1.03549503 1.         0.9896114  0.99338519
 0.90588259] 

 
Pareto Frontier. Run number: 10 
[6832.1970978] 
[[0.04049356]] 
[[1519.20140642]] 
36934.5177449 
[-4.00974252e-05 -2.41731729e-04  2.55304706e-02  1.00000000e-05
  7.98593581e-03  1.98964773e-02  1.03522661e-04  2.26692452e-01
  1.04935604e-02 -6.35599018e-06  6.53966309e+00  3.19172925e+00] 
[0.92086858 1.         1.04277027 1.         0.98938611 0.99286338
 0.90557688] 

 
Pareto Frontier. Run number: 11 
[6850.78901162] 
[[0.04004189]] 
[[1517.3200658]] 
36888.0995264 
[-2.98436802e-04 -4.62965484e-04  2.63824225e-02  1.00000000e-05
  2.67993420e-02  1.98705642e-02  1.29435832e-04  2.16187748e-01
  1.00418913e-02 -4.43876453e-05  7.57816591e+00  3.37742715e+00] 
[0.91672324 0.99772364 1.05946598 1.         0.98869831 0.99161558
 0.90475812] 

 
Pareto Frontier. Run number: 12 
[6963.62778516] 
[[0.0321452]] 
[[1509.72650026]] 
36689.6203271 
[-3.40563616e-06 -6.88914799e-06  3.48620689e-02  1.00000000e-05
  1.02734997e-01  1.99973367e-02  2.66331072e-06  1.36097248e-01
  2.14520453e-03 -2.11400028e-06  1.16368778e+01  4.16999218e-05] 
[0.906951   0.92844154 1.0799986  1.         0.98356193 0.98628012
 0.90022412] 

 
Pareto Frontier. Run number: 13 
[6987.43766276] 
[[0.03197746]] 
[[1508.65292976]] 
36663.5906767 
[-2.48071232e-04 -5.23122174e-04  3.53237416e-02  1.00000000e-05
  1.13470702e-01  1.97512366e-02  2.48763426e-04  1.16916248e-01
  1.97745977e-03 -1.54275532e-04  1.31909956e+01  3.09559977e-03] 
[0.90393463 0.92930485 1.1018591  1.         0.98232066 0.98558039
 0.89935364] 

 
Pareto Frontier. Run number: 14 
[6997.40474446] 
[[0.03181336]] 
[[1509.32148646]] 
36677.9605634 
[-1.26002573e-04 -3.67000561e-04  3.53262704e-02  1.00000000e-05
  1.06785135e-01  1.96857271e-02  3.14272893e-04  1.07382475e-01
  1.81335928e-03 -4.27533567e-05  1.16595534e+01  6.09266268e-04] 
[0.90374901 0.92897178 1.08628603 0.9812179  0.98171013 0.98596668
 0.89913457] 

 
Total run time: 26072.517