Output file with compressibility drag breakdown

  VEHICLE TAG : cruise

  REFERENCE AREA ................  67.5 m2 
  MAIN WING SWEEP ...............  29.3 deg
  MAIN WING THICKNESS RATIO .....  0.14    
 
 TOTAL COMPRESSIBILITY DRAG 
  CL   |  M=0.450 | M=0.500 | M=0.550 | M=0.600 | M=0.650 | M=0.700 | M=0.750 | M=0.800 | M=0.850 | M=0.900 | M=0.950 | 
 0.300 |  0.00000 | 0.00000 | 0.00001 | 0.00004 | 0.00014 | 0.00041 | 0.00113 | 0.00290 | 0.00705 | 0.01627 | 0.03591 | 
 0.350 |  0.00000 | 0.00000 | 0.00001 | 0.00005 | 0.00017 | 0.00050 | 0.00138 | 0.00354 | 0.00860 | 0.01986 | 0.04384 | 
 0.400 |  0.00000 | 0.00000 | 0.00002 | 0.00006 | 0.00021 | 0.00061 | 0.00167 | 0.00429 | 0.01041 | 0.02405 | 0.05307 | 
 0.450 |  0.00000 | 0.00001 | 0.00002 | 0.00008 | 0.00025 | 0.00073 | 0.00200 | 0.00514 | 0.01248 | 0.02881 | 0.06358 | 
 0.500 |  0.00000 | 0.00001 | 0.00003 | 0.00009 | 0.00029 | 0.00086 | 0.00236 | 0.00608 | 0.01477 | 0.03411 | 0.07528 | 
 0.550 |  0.00000 | 0.00001 | 0.00003 | 0.00011 | 0.00034 | 0.00101 | 0.00276 | 0.00711 | 0.01726 | 0.03986 | 0.08796 | 
 0.600 |  0.00000 | 0.00001 | 0.00003 | 0.00012 | 0.00039 | 0.00116 | 0.00318 | 0.00819 | 0.01988 | 0.04591 | 0.10133 | 
 0.650 |  0.00000 | 0.00001 | 0.00004 | 0.00014 | 0.00044 | 0.00131 | 0.00361 | 0.00929 | 0.02256 | 0.05210 | 0.11497 | 
 0.700 |  0.00000 | 0.00001 | 0.00004 | 0.00015 | 0.00050 | 0.00147 | 0.00403 | 0.01037 | 0.02519 | 0.05817 | 0.12839 | 
 0.750 |  0.00000 | 0.00001 | 0.00005 | 0.00017 | 0.00054 | 0.00161 | 0.00443 | 0.01139 | 0.02767 | 0.06389 | 0.14101 | 
 0.800 |  0.00000 | 0.00001 | 0.00005 | 0.00018 | 0.00059 | 0.00174 | 0.00478 | 0.01230 | 0.02988 | 0.06899 | 0.15225 | 
-----------------------------------------------------------------------------------------------------------------------
 HORIZONTAL_STABILIZER  ( t/c: 0.110 )
  CL   |  M=0.450 | M=0.500 | M=0.550 | M=0.600 | M=0.650 | M=0.700 | M=0.750 | M=0.800 | M=0.850 | M=0.900 | M=0.950 | 
 0.300 |  0.00000 | 0.00000 | 0.00000 | 0.00000 | 0.00001 | 0.00003 | 0.00008 | 0.00021 | 0.00052 | 0.00120 | 0.00264 | 
 0.350 |  0.00000 | 0.00000 | 0.00000 | 0.00000 | 0.00001 | 0.00003 | 0.00008 | 0.00021 | 0.00052 | 0.00120 | 0.00264 | 
 0.400 |  0.00000 | 0.00000 | 0.00000 | 0.00000 | 0.00001 | 0.00003 | 0.00008 | 0.00021 | 0.00052 | 0.00120 | 0.00264 | 
 0.450 |  0.00000 | 0.00000 | 0.00000 | 0.00000 | 0.00001 | 0.00003 | 0.00008 | 0.00021 | 0.00052 | 0.00120 | 0.00264 | 
 0.500 |  0.00000 | 0.00000 | 0.00000 | 0.00000 | 0.00001 | 0.00003 | 0.00008 | 0.00021 | 0.00052 | 0.00120 | 0.00264 | 
 0.550 |  0.00000 | 0.00000 | 0.00000 | 0.00000 | 0.00001 | 0.00003 | 0.00008 | 0.00021 | 0.00052 | 0.00120 | 0.00264 | 
 0.600 |  0.00000 | 0.00000 | 0.00000 | 0.00000 | 0.00001 | 0.00003 | 0.00008 | 0.00021 | 0.00052 | 0.00120 | 0.00264 | 
 0.650 |  0.00000 | 0.00000 | 0.00000 | 0.00000 | 0.00001 | 0.00003 | 0.00008 | 0.00021 | 0.00052 | 0.00120 | 0.00264 | 
 0.700 |  0.00000 | 0.00000 | 0.00000 | 0.00000 | 0.00001 | 0.00003 | 0.00008 | 0.00021 | 0.00052 | 0.00120 | 0.00264 | 
 0.750 |  0.00000 | 0.00000 | 0.00000 | 0.00000 | 0.00001 | 0.00003 | 0.00008 | 0.00021 | 0.00052 | 0.00120 | 0.00264 | 
 0.800 |  0.00000 | 0.00000 | 0.00000 | 0.00000 | 0.00001 | 0.00003 | 0.00008 | 0.00021 | 0.00052 | 0.00120 | 0.00264 | 
-----------------------------------------------------------------------------------------------------------------------
 MAIN_WING  ( t/c: 0.144 )
  CL   |  M=0.450 | M=0.500 | M=0.550 | M=0.600 | M=0.650 | M=0.700 | M=0.750 | M=0.800 | M=0.850 | M=0.900 | M=0.950 | 
 0.300 |  0.00000 | 0.00000 | 0.00001 | 0.00004 | 0.00012 | 0.00036 | 0.00100 | 0.00257 | 0.00624 | 0.01441 | 0.03181 | 
 0.350 |  0.00000 | 0.00000 | 0.00001 | 0.00005 | 0.00015 | 0.00045 | 0.00125 | 0.00321 | 0.00780 | 0.01801 | 0.03974 | 
 0.400 |  0.00000 | 0.00000 | 0.00002 | 0.00006 | 0.00019 | 0.00056 | 0.00154 | 0.00396 | 0.00961 | 0.02219 | 0.04896 | 
 0.450 |  0.00000 | 0.00000 | 0.00002 | 0.00007 | 0.00023 | 0.00068 | 0.00187 | 0.00480 | 0.01167 | 0.02695 | 0.05948 | 
 0.500 |  0.00000 | 0.00001 | 0.00002 | 0.00009 | 0.00028 | 0.00081 | 0.00223 | 0.00575 | 0.01397 | 0.03225 | 0.07118 | 
 0.550 |  0.00000 | 0.00001 | 0.00003 | 0.00010 | 0.00032 | 0.00096 | 0.00263 | 0.00677 | 0.01646 | 0.03800 | 0.08386 | 
 0.600 |  0.00000 | 0.00001 | 0.00003 | 0.00012 | 0.00038 | 0.00111 | 0.00305 | 0.00785 | 0.01908 | 0.04406 | 0.09723 | 
 0.650 |  0.00000 | 0.00001 | 0.00004 | 0.00013 | 0.00043 | 0.00127 | 0.00348 | 0.00896 | 0.02176 | 0.05024 | 0.11087 | 
 0.700 |  0.00000 | 0.00001 | 0.00004 | 0.00015 | 0.00048 | 0.00142 | 0.00390 | 0.01004 | 0.02439 | 0.05632 | 0.12428 | 
 0.750 |  0.00000 | 0.00001 | 0.00005 | 0.00016 | 0.00053 | 0.00157 | 0.00430 | 0.01106 | 0.02687 | 0.06204 | 0.13691 | 
 0.800 |  0.00000 | 0.00001 | 0.00005 | 0.00018 | 0.00057 | 0.00169 | 0.00465 | 0.01197 | 0.02907 | 0.06713 | 0.14815 | 
-----------------------------------------------------------------------------------------------------------------------
 VERTICAL_STABILIZER  ( t/c: 0.120 )
  CL   |  M=0.450 | M=0.500 | M=0.550 | M=0.600 | M=0.650 | M=0.700 | M=0.750 | M=0.800 | M=0.850 | M=0.900 | M=0.950 | 
 0.300 |  0.00000 | 0.00000 | 0.00000 | 0.00000 | 0.00001 | 0.00002 | 0.00005 | 0.00012 | 0.00029 | 0.00066 | 0.00146 | 
 0.350 |  0.00000 | 0.00000 | 0.00000 | 0.00000 | 0.00001 | 0.00002 | 0.00005 | 0.00012 | 0.00029 | 0.00066 | 0.00146 | 
 0.400 |  0.00000 | 0.00000 | 0.00000 | 0.00000 | 0.00001 | 0.00002 | 0.00005 | 0.00012 | 0.00029 | 0.00066 | 0.00146 | 
 0.450 |  0.00000 | 0.00000 | 0.00000 | 0.00000 | 0.00001 | 0.00002 | 0.00005 | 0.00012 | 0.00029 | 0.00066 | 0.00146 | 
 0.500 |  0.00000 | 0.00000 | 0.00000 | 0.00000 | 0.00001 | 0.00002 | 0.00005 | 0.00012 | 0.00029 | 0.00066 | 0.00146 | 
 0.550 |  0.00000 | 0.00000 | 0.00000 | 0.00000 | 0.00001 | 0.00002 | 0.00005 | 0.00012 | 0.00029 | 0.00066 | 0.00146 | 
 0.600 |  0.00000 | 0.00000 | 0.00000 | 0.00000 | 0.00001 | 0.00002 | 0.00005 | 0.00012 | 0.00029 | 0.00066 | 0.00146 | 
 0.650 |  0.00000 | 0.00000 | 0.00000 | 0.00000 | 0.00001 | 0.00002 | 0.00005 | 0.00012 | 0.00029 | 0.00066 | 0.00146 | 
 0.700 |  0.00000 | 0.00000 | 0.00000 | 0.00000 | 0.00001 | 0.00002 | 0.00005 | 0.00012 | 0.00029 | 0.00066 | 0.00146 | 
 0.750 |  0.00000 | 0.00000 | 0.00000 | 0.00000 | 0.00001 | 0.00002 | 0.00005 | 0.00012 | 0.00029 | 0.00066 | 0.00146 | 
 0.800 |  0.00000 | 0.00000 | 0.00000 | 0.00000 | 0.00001 | 0.00002 | 0.00005 | 0.00012 | 0.00029 | 0.00066 | 0.00146 | 
-----------------------------------------------------------------------------------------------------------------------

 Friday, 28. September 2018 04:53:56 AM