 Pareto results 
Pareto Frontier. Run number: 0 
[6776.58420095] 
[[0.04322322]] 
[[1520.00032654]] 
37757.2622223 
[-2.80214004e-06 -7.89512400e-06  1.64942211e-02  1.00000000e-05
 -3.26540302e-06  1.99957360e-02  4.26400070e-06  2.13626270e-01
  1.32232225e-02  2.21039354e-01  3.58438749e+00  2.63583411e+00] 
[1.01059798 1.         0.88041312 0.97033065 0.98885461 1.01498017
 0.91169153] 

 
Pareto Frontier. Run number: 1 
[6778.46117404] 
[[0.04244503]] 
[[1520.0000134]] 
37608.0419142 
[ 1.63756158e-07 -3.39633771e-07  1.83622786e-02  1.00000000e-05
 -1.33982430e-07  1.99997777e-02  2.22292670e-07  2.21200559e-01
  1.24450267e-02  1.81318215e-01  3.66957939e+00  2.65461140e+00] 
[0.99602765 0.99382883 0.897803   0.97776151 0.98928964 1.01096887
 0.91084481] 

 
Pareto Frontier. Run number: 2 
[6784.09475228] 
[[0.04103629]] 
[[1520.00000136]] 
37441.1568761 
[ 5.63893263e-08 -1.98912458e-07  2.10175400e-02  1.00000000e-05
 -1.36102267e-08  1.99998935e-02  1.06494440e-07  2.26848955e-01
  1.10362884e-02  1.36540725e-01  4.19503001e+00  2.71094732e+00] 
[0.98101457 0.98069056 0.91729833 0.99225647 0.98960342 1.00648271
 0.90978499] 

 
Pareto Frontier. Run number: 3 
[6807.47160182] 
[[0.03913026]] 
[[1520.00010547]] 
37155.1299766 
[ 1.03814600e-07 -2.76200717e-06  2.50676546e-02  1.00000000e-05
 -1.05466177e-06  1.99965476e-02  3.45235965e-06  2.28247889e-01
  9.13026255e-03  5.85243268e-02  4.85224594e+00  2.94471326e+00] 
[0.95153754 0.96975788 0.96126188 1.         0.98959856 0.99879382
 0.90753607] 

 
Pareto Frontier. Run number: 4 
[6844.68076515] 
[[0.03739394]] 
[[1520.00000027]] 
36943.4965945 
[-1.87509431e-08 -2.98653322e-08  2.84384359e-02  1.00000000e-05
 -2.70354121e-09  1.99999898e-02  1.02331342e-08  2.15119506e-01
  7.39393970e-03 -1.71848342e-09  5.89969462e+00  3.31680762e+00] 
[0.92885462 0.96144661 1.00290166 1.         0.98868768 0.99310475
 0.90525077] 

 
Pareto Frontier. Run number: 5 
[6964.36246791] 
[[0.03213957]] 
[[1509.68861962]] 
36688.6415906 
[-4.26188031e-05 -1.44238478e-04  3.48772288e-02  1.00000000e-05
  1.03113804e-01  1.98385809e-02  1.61419122e-04  1.35534177e-01
  2.13956634e-03 -2.54300504e-05  1.16840264e+01 -3.47765183e-04] 
[0.90683603 0.92847893 1.08070697 1.         0.98352675 0.98625381
 0.90019654] 

 
Pareto Frontier. Run number: 6 
[6964.35002644] 
[[0.03213976]] 
[[1509.68683971]] 
36688.6764324 
[ 1.53157031e-06 -5.49012228e-06  3.48767246e-02  1.00000000e-05
  1.03131603e-01  1.99942344e-02  5.76559821e-06  1.35538120e-01
  2.13976315e-03 -3.78317425e-06  1.16839682e+01 -1.01087942e-05] 
[0.90683954 0.92848037 1.08070093 1.         0.98352563 0.98625474
 0.90019683] 

 
Pareto Frontier. Run number: 7 
[6989.64790603] 
[[0.03192177]] 
[[1508.97128788]] 
36670.832922 
[-7.73257816e-05 -2.53207092e-04  3.52916717e-02  1.00000000e-05
  1.10287121e-01  1.97717189e-02  2.28281083e-04  1.14629029e-01
  1.92176793e-03 -3.15458678e-05  1.24471574e+01  3.76498936e-04] 
[0.90400836 0.92916079 1.09400846 0.99241379 0.98217473 0.98577508
 0.8993282 ] 

 
Pareto Frontier. Run number: 8 
[7036.62705927] 
[[0.03154567]] 
[[1508.16663669]] 
36650.8129166 
[-5.32958841e-05 -1.76729433e-04  3.59900680e-02  1.00000000e-05
  1.18333633e-01  1.98586793e-02  1.41320712e-04  7.19886360e-02
  1.54567102e-03 -2.24654433e-05  1.39079694e+01  4.30151801e-04] 
[0.90019289 0.92970701 1.11637993 0.97971936 0.9794201  0.98523691
 0.89778813] 

 
Pareto Frontier. Run number: 9 
[7009.91384594] 
[[0.03193411]] 
[[1517.84583273]] 
36628.7938038 
[-1.49300758e-06 -5.21606762e-06  3.49816334e-02  1.00000000e-05
  2.15416727e-02  1.99969539e-02  3.04608707e-06  9.34068414e-02
  1.93411182e-03 -8.04806082e-07  1.24948429e+01  1.37722825e-05] 
[0.90006734 0.93960327 1.10786747 0.97511697 0.98144522 0.98464499
 0.89846985] 

 
Total run time: 37574.823