Output file with compressibility drag breakdown

  VEHICLE TAG : cruise

  REFERENCE AREA ................  70.8 m2 
  MAIN WING SWEEP ...............  22.8 deg
  MAIN WING THICKNESS RATIO .....  0.12    
 
 TOTAL COMPRESSIBILITY DRAG 
  CL   |  M=0.450 | M=0.500 | M=0.550 | M=0.600 | M=0.650 | M=0.700 | M=0.750 | M=0.800 | M=0.850 | M=0.900 | M=0.950 | 
 0.300 |  0.00000 | 0.00000 | 0.00001 | 0.00005 | 0.00016 | 0.00048 | 0.00132 | 0.00341 | 0.00827 | 0.01911 | 0.04216 | 
 0.350 |  0.00000 | 0.00000 | 0.00002 | 0.00006 | 0.00020 | 0.00059 | 0.00162 | 0.00416 | 0.01009 | 0.02331 | 0.05144 | 
 0.400 |  0.00000 | 0.00001 | 0.00002 | 0.00007 | 0.00024 | 0.00071 | 0.00196 | 0.00504 | 0.01225 | 0.02828 | 0.06241 | 
 0.450 |  0.00000 | 0.00001 | 0.00003 | 0.00009 | 0.00029 | 0.00086 | 0.00236 | 0.00607 | 0.01475 | 0.03407 | 0.07519 | 
 0.500 |  0.00000 | 0.00001 | 0.00003 | 0.00011 | 0.00035 | 0.00103 | 0.00282 | 0.00726 | 0.01763 | 0.04072 | 0.08986 | 
 0.550 |  0.00000 | 0.00001 | 0.00004 | 0.00013 | 0.00041 | 0.00122 | 0.00334 | 0.00860 | 0.02088 | 0.04822 | 0.10642 | 
 0.600 |  0.00000 | 0.00001 | 0.00004 | 0.00015 | 0.00048 | 0.00143 | 0.00392 | 0.01008 | 0.02449 | 0.05654 | 0.12478 | 
 0.650 |  0.00000 | 0.00001 | 0.00005 | 0.00017 | 0.00056 | 0.00166 | 0.00454 | 0.01169 | 0.02840 | 0.06559 | 0.14475 | 
 0.700 |  0.00000 | 0.00001 | 0.00006 | 0.00020 | 0.00064 | 0.00190 | 0.00521 | 0.01341 | 0.03258 | 0.07522 | 0.16601 | 
 0.750 |  0.00000 | 0.00002 | 0.00006 | 0.00023 | 0.00073 | 0.00215 | 0.00591 | 0.01520 | 0.03692 | 0.08525 | 0.18815 | 
 0.800 |  0.00000 | 0.00002 | 0.00007 | 0.00025 | 0.00081 | 0.00241 | 0.00661 | 0.01701 | 0.04133 | 0.09543 | 0.21060 | 
-----------------------------------------------------------------------------------------------------------------------
 HORIZONTAL_STABILIZER  ( t/c: 0.110 )
  CL   |  M=0.450 | M=0.500 | M=0.550 | M=0.600 | M=0.650 | M=0.700 | M=0.750 | M=0.800 | M=0.850 | M=0.900 | M=0.950 | 
 0.300 |  0.00000 | 0.00000 | 0.00000 | 0.00000 | 0.00001 | 0.00003 | 0.00008 | 0.00021 | 0.00052 | 0.00120 | 0.00264 | 
 0.350 |  0.00000 | 0.00000 | 0.00000 | 0.00000 | 0.00001 | 0.00003 | 0.00008 | 0.00021 | 0.00052 | 0.00120 | 0.00264 | 
 0.400 |  0.00000 | 0.00000 | 0.00000 | 0.00000 | 0.00001 | 0.00003 | 0.00008 | 0.00021 | 0.00052 | 0.00120 | 0.00264 | 
 0.450 |  0.00000 | 0.00000 | 0.00000 | 0.00000 | 0.00001 | 0.00003 | 0.00008 | 0.00021 | 0.00052 | 0.00120 | 0.00264 | 
 0.500 |  0.00000 | 0.00000 | 0.00000 | 0.00000 | 0.00001 | 0.00003 | 0.00008 | 0.00021 | 0.00052 | 0.00120 | 0.00264 | 
 0.550 |  0.00000 | 0.00000 | 0.00000 | 0.00000 | 0.00001 | 0.00003 | 0.00008 | 0.00021 | 0.00052 | 0.00120 | 0.00264 | 
 0.600 |  0.00000 | 0.00000 | 0.00000 | 0.00000 | 0.00001 | 0.00003 | 0.00008 | 0.00021 | 0.00052 | 0.00120 | 0.00264 | 
 0.650 |  0.00000 | 0.00000 | 0.00000 | 0.00000 | 0.00001 | 0.00003 | 0.00008 | 0.00021 | 0.00052 | 0.00120 | 0.00264 | 
 0.700 |  0.00000 | 0.00000 | 0.00000 | 0.00000 | 0.00001 | 0.00003 | 0.00008 | 0.00021 | 0.00052 | 0.00120 | 0.00264 | 
 0.750 |  0.00000 | 0.00000 | 0.00000 | 0.00000 | 0.00001 | 0.00003 | 0.00008 | 0.00021 | 0.00052 | 0.00120 | 0.00264 | 
 0.800 |  0.00000 | 0.00000 | 0.00000 | 0.00000 | 0.00001 | 0.00003 | 0.00008 | 0.00021 | 0.00052 | 0.00120 | 0.00264 | 
-----------------------------------------------------------------------------------------------------------------------
 MAIN_WING  ( t/c: 0.121 )
  CL   |  M=0.450 | M=0.500 | M=0.550 | M=0.600 | M=0.650 | M=0.700 | M=0.750 | M=0.800 | M=0.850 | M=0.900 | M=0.950 | 
 0.300 |  0.00000 | 0.00000 | 0.00001 | 0.00005 | 0.00015 | 0.00044 | 0.00120 | 0.00307 | 0.00747 | 0.01725 | 0.03806 | 
 0.350 |  0.00000 | 0.00000 | 0.00002 | 0.00006 | 0.00018 | 0.00054 | 0.00149 | 0.00382 | 0.00929 | 0.02145 | 0.04734 | 
 0.400 |  0.00000 | 0.00000 | 0.00002 | 0.00007 | 0.00023 | 0.00067 | 0.00183 | 0.00471 | 0.01144 | 0.02642 | 0.05830 | 
 0.450 |  0.00000 | 0.00001 | 0.00002 | 0.00009 | 0.00027 | 0.00081 | 0.00223 | 0.00574 | 0.01395 | 0.03221 | 0.07109 | 
 0.500 |  0.00000 | 0.00001 | 0.00003 | 0.00010 | 0.00033 | 0.00098 | 0.00269 | 0.00693 | 0.01683 | 0.03886 | 0.08576 | 
 0.550 |  0.00000 | 0.00001 | 0.00003 | 0.00012 | 0.00040 | 0.00117 | 0.00321 | 0.00826 | 0.02008 | 0.04636 | 0.10231 | 
 0.600 |  0.00000 | 0.00001 | 0.00004 | 0.00014 | 0.00047 | 0.00138 | 0.00379 | 0.00975 | 0.02368 | 0.05468 | 0.12067 | 
 0.650 |  0.00000 | 0.00001 | 0.00005 | 0.00017 | 0.00054 | 0.00161 | 0.00442 | 0.01136 | 0.02760 | 0.06373 | 0.14064 | 
 0.700 |  0.00000 | 0.00001 | 0.00005 | 0.00019 | 0.00063 | 0.00185 | 0.00508 | 0.01308 | 0.03177 | 0.07337 | 0.16191 | 
 0.750 |  0.00000 | 0.00002 | 0.00006 | 0.00022 | 0.00071 | 0.00210 | 0.00578 | 0.01487 | 0.03612 | 0.08339 | 0.18405 | 
 0.800 |  0.00000 | 0.00002 | 0.00007 | 0.00025 | 0.00080 | 0.00236 | 0.00648 | 0.01668 | 0.04052 | 0.09357 | 0.20650 | 
-----------------------------------------------------------------------------------------------------------------------
 VERTICAL_STABILIZER  ( t/c: 0.120 )
  CL   |  M=0.450 | M=0.500 | M=0.550 | M=0.600 | M=0.650 | M=0.700 | M=0.750 | M=0.800 | M=0.850 | M=0.900 | M=0.950 | 
 0.300 |  0.00000 | 0.00000 | 0.00000 | 0.00000 | 0.00001 | 0.00002 | 0.00005 | 0.00012 | 0.00029 | 0.00066 | 0.00146 | 
 0.350 |  0.00000 | 0.00000 | 0.00000 | 0.00000 | 0.00001 | 0.00002 | 0.00005 | 0.00012 | 0.00029 | 0.00066 | 0.00146 | 
 0.400 |  0.00000 | 0.00000 | 0.00000 | 0.00000 | 0.00001 | 0.00002 | 0.00005 | 0.00012 | 0.00029 | 0.00066 | 0.00146 | 
 0.450 |  0.00000 | 0.00000 | 0.00000 | 0.00000 | 0.00001 | 0.00002 | 0.00005 | 0.00012 | 0.00029 | 0.00066 | 0.00146 | 
 0.500 |  0.00000 | 0.00000 | 0.00000 | 0.00000 | 0.00001 | 0.00002 | 0.00005 | 0.00012 | 0.00029 | 0.00066 | 0.00146 | 
 0.550 |  0.00000 | 0.00000 | 0.00000 | 0.00000 | 0.00001 | 0.00002 | 0.00005 | 0.00012 | 0.00029 | 0.00066 | 0.00146 | 
 0.600 |  0.00000 | 0.00000 | 0.00000 | 0.00000 | 0.00001 | 0.00002 | 0.00005 | 0.00012 | 0.00029 | 0.00066 | 0.00146 | 
 0.650 |  0.00000 | 0.00000 | 0.00000 | 0.00000 | 0.00001 | 0.00002 | 0.00005 | 0.00012 | 0.00029 | 0.00066 | 0.00146 | 
 0.700 |  0.00000 | 0.00000 | 0.00000 | 0.00000 | 0.00001 | 0.00002 | 0.00005 | 0.00012 | 0.00029 | 0.00066 | 0.00146 | 
 0.750 |  0.00000 | 0.00000 | 0.00000 | 0.00000 | 0.00001 | 0.00002 | 0.00005 | 0.00012 | 0.00029 | 0.00066 | 0.00146 | 
 0.800 |  0.00000 | 0.00000 | 0.00000 | 0.00000 | 0.00001 | 0.00002 | 0.00005 | 0.00012 | 0.00029 | 0.00066 | 0.00146 | 
-----------------------------------------------------------------------------------------------------------------------

 Tuesday, 25. September 2018 09:12:04 PM