 Pareto results 
Pareto Frontier. Run number: 0 
[7059.99098282] 
[[0.03680389]] 
[[1519.99798358]] 
37148.79769820449 
[ 9.01718217e-06  2.70056211e-02  1.00000000e-05  2.01641756e-05
  2.25520230e+00  4.40280208e-01  4.02802076e-02  1.68013483e-02
  6.80389440e-03  1.37749128e-01 -8.79241452e-08  5.47000000e-01] 
[0.70754475 0.09534643 0.12058105 0.22750056 0.11033624 1.        ] 

 
Pareto Frontier. Run number: 1 
[7060.00649975] 
[[0.03844727]] 
[[1520.00317044]] 
37093.87130367629 
[-6.49975210e-06  2.57542757e-02  1.00000000e-05  3.17043990e-05
  2.31012870e+00  3.99556364e-01  4.43635589e-04  2.07438026e-02
  8.44726850e-03  1.18694897e-01  5.26848847e-02  5.47000000e-01] 
[0.69723093 0.098      0.12566895 0.23178554 0.11036259 0.75      ] 

 
Pareto Frontier. Run number: 2 
