Output file with compressibility drag breakdown

  VEHICLE TAG : cruise

  REFERENCE AREA ................  67.3 m2 
  MAIN WING SWEEP ...............  27.1 deg
  MAIN WING THICKNESS RATIO .....  0.14    
 
 TOTAL COMPRESSIBILITY DRAG 
  CL   |  M=0.450 | M=0.500 | M=0.550 | M=0.600 | M=0.650 | M=0.700 | M=0.750 | M=0.800 | M=0.850 | M=0.900 | M=0.950 | 
 0.300 |  0.00000 | 0.00000 | 0.00001 | 0.00005 | 0.00016 | 0.00048 | 0.00131 | 0.00336 | 0.00816 | 0.01884 | 0.04157 | 
 0.350 |  0.00000 | 0.00000 | 0.00002 | 0.00006 | 0.00020 | 0.00058 | 0.00159 | 0.00410 | 0.00996 | 0.02301 | 0.05077 | 
 0.400 |  0.00000 | 0.00001 | 0.00002 | 0.00007 | 0.00024 | 0.00070 | 0.00193 | 0.00497 | 0.01207 | 0.02788 | 0.06153 | 
 0.450 |  0.00000 | 0.00001 | 0.00002 | 0.00009 | 0.00029 | 0.00084 | 0.00232 | 0.00597 | 0.01450 | 0.03347 | 0.07387 | 
 0.500 |  0.00000 | 0.00001 | 0.00003 | 0.00011 | 0.00034 | 0.00100 | 0.00275 | 0.00709 | 0.01722 | 0.03975 | 0.08773 | 
 0.550 |  0.00000 | 0.00001 | 0.00003 | 0.00012 | 0.00040 | 0.00118 | 0.00323 | 0.00832 | 0.02021 | 0.04666 | 0.10297 | 
 0.600 |  0.00000 | 0.00001 | 0.00004 | 0.00014 | 0.00046 | 0.00136 | 0.00375 | 0.00964 | 0.02341 | 0.05406 | 0.11930 | 
 0.650 |  0.00000 | 0.00001 | 0.00005 | 0.00016 | 0.00053 | 0.00156 | 0.00428 | 0.01101 | 0.02676 | 0.06178 | 0.13635 | 
 0.700 |  0.00000 | 0.00001 | 0.00005 | 0.00018 | 0.00059 | 0.00176 | 0.00482 | 0.01241 | 0.03014 | 0.06960 | 0.15360 | 
 0.750 |  0.00000 | 0.00001 | 0.00006 | 0.00020 | 0.00066 | 0.00195 | 0.00535 | 0.01377 | 0.03345 | 0.07725 | 0.17048 | 
 0.800 |  0.00000 | 0.00002 | 0.00006 | 0.00022 | 0.00072 | 0.00213 | 0.00585 | 0.01505 | 0.03656 | 0.08442 | 0.18630 | 
-----------------------------------------------------------------------------------------------------------------------
 HORIZONTAL_STABILIZER  ( t/c: 0.110 )
  CL   |  M=0.450 | M=0.500 | M=0.550 | M=0.600 | M=0.650 | M=0.700 | M=0.750 | M=0.800 | M=0.850 | M=0.900 | M=0.950 | 
 0.300 |  0.00000 | 0.00000 | 0.00000 | 0.00000 | 0.00001 | 0.00003 | 0.00008 | 0.00021 | 0.00052 | 0.00120 | 0.00264 | 
 0.350 |  0.00000 | 0.00000 | 0.00000 | 0.00000 | 0.00001 | 0.00003 | 0.00008 | 0.00021 | 0.00052 | 0.00120 | 0.00264 | 
 0.400 |  0.00000 | 0.00000 | 0.00000 | 0.00000 | 0.00001 | 0.00003 | 0.00008 | 0.00021 | 0.00052 | 0.00120 | 0.00264 | 
 0.450 |  0.00000 | 0.00000 | 0.00000 | 0.00000 | 0.00001 | 0.00003 | 0.00008 | 0.00021 | 0.00052 | 0.00120 | 0.00264 | 
 0.500 |  0.00000 | 0.00000 | 0.00000 | 0.00000 | 0.00001 | 0.00003 | 0.00008 | 0.00021 | 0.00052 | 0.00120 | 0.00264 | 
 0.550 |  0.00000 | 0.00000 | 0.00000 | 0.00000 | 0.00001 | 0.00003 | 0.00008 | 0.00021 | 0.00052 | 0.00120 | 0.00264 | 
 0.600 |  0.00000 | 0.00000 | 0.00000 | 0.00000 | 0.00001 | 0.00003 | 0.00008 | 0.00021 | 0.00052 | 0.00120 | 0.00264 | 
 0.650 |  0.00000 | 0.00000 | 0.00000 | 0.00000 | 0.00001 | 0.00003 | 0.00008 | 0.00021 | 0.00052 | 0.00120 | 0.00264 | 
 0.700 |  0.00000 | 0.00000 | 0.00000 | 0.00000 | 0.00001 | 0.00003 | 0.00008 | 0.00021 | 0.00052 | 0.00120 | 0.00264 | 
 0.750 |  0.00000 | 0.00000 | 0.00000 | 0.00000 | 0.00001 | 0.00003 | 0.00008 | 0.00021 | 0.00052 | 0.00120 | 0.00264 | 
 0.800 |  0.00000 | 0.00000 | 0.00000 | 0.00000 | 0.00001 | 0.00003 | 0.00008 | 0.00021 | 0.00052 | 0.00120 | 0.00264 | 
-----------------------------------------------------------------------------------------------------------------------
 MAIN_WING  ( t/c: 0.141 )
  CL   |  M=0.450 | M=0.500 | M=0.550 | M=0.600 | M=0.650 | M=0.700 | M=0.750 | M=0.800 | M=0.850 | M=0.900 | M=0.950 | 
 0.300 |  0.00000 | 0.00000 | 0.00001 | 0.00004 | 0.00014 | 0.00043 | 0.00118 | 0.00303 | 0.00735 | 0.01698 | 0.03747 | 
 0.350 |  0.00000 | 0.00000 | 0.00002 | 0.00006 | 0.00018 | 0.00053 | 0.00147 | 0.00377 | 0.00916 | 0.02115 | 0.04667 | 
 0.400 |  0.00000 | 0.00000 | 0.00002 | 0.00007 | 0.00022 | 0.00066 | 0.00180 | 0.00464 | 0.01127 | 0.02602 | 0.05743 | 
 0.450 |  0.00000 | 0.00001 | 0.00002 | 0.00008 | 0.00027 | 0.00080 | 0.00219 | 0.00564 | 0.01369 | 0.03161 | 0.06977 | 
 0.500 |  0.00000 | 0.00001 | 0.00003 | 0.00010 | 0.00032 | 0.00096 | 0.00263 | 0.00676 | 0.01641 | 0.03790 | 0.08363 | 
 0.550 |  0.00000 | 0.00001 | 0.00003 | 0.00012 | 0.00038 | 0.00113 | 0.00310 | 0.00799 | 0.01940 | 0.04480 | 0.09886 | 
 0.600 |  0.00000 | 0.00001 | 0.00004 | 0.00014 | 0.00045 | 0.00132 | 0.00362 | 0.00931 | 0.02261 | 0.05220 | 0.11520 | 
 0.650 |  0.00000 | 0.00001 | 0.00004 | 0.00016 | 0.00051 | 0.00151 | 0.00415 | 0.01068 | 0.02595 | 0.05992 | 0.13224 | 
 0.700 |  0.00000 | 0.00001 | 0.00005 | 0.00018 | 0.00058 | 0.00171 | 0.00469 | 0.01208 | 0.02934 | 0.06774 | 0.14950 | 
 0.750 |  0.00000 | 0.00001 | 0.00006 | 0.00020 | 0.00064 | 0.00190 | 0.00522 | 0.01344 | 0.03265 | 0.07539 | 0.16637 | 
 0.800 |  0.00000 | 0.00002 | 0.00006 | 0.00022 | 0.00070 | 0.00208 | 0.00572 | 0.01472 | 0.03575 | 0.08256 | 0.18220 | 
-----------------------------------------------------------------------------------------------------------------------
 VERTICAL_STABILIZER  ( t/c: 0.120 )
  CL   |  M=0.450 | M=0.500 | M=0.550 | M=0.600 | M=0.650 | M=0.700 | M=0.750 | M=0.800 | M=0.850 | M=0.900 | M=0.950 | 
 0.300 |  0.00000 | 0.00000 | 0.00000 | 0.00000 | 0.00001 | 0.00002 | 0.00005 | 0.00012 | 0.00029 | 0.00066 | 0.00146 | 
 0.350 |  0.00000 | 0.00000 | 0.00000 | 0.00000 | 0.00001 | 0.00002 | 0.00005 | 0.00012 | 0.00029 | 0.00066 | 0.00146 | 
 0.400 |  0.00000 | 0.00000 | 0.00000 | 0.00000 | 0.00001 | 0.00002 | 0.00005 | 0.00012 | 0.00029 | 0.00066 | 0.00146 | 
 0.450 |  0.00000 | 0.00000 | 0.00000 | 0.00000 | 0.00001 | 0.00002 | 0.00005 | 0.00012 | 0.00029 | 0.00066 | 0.00146 | 
 0.500 |  0.00000 | 0.00000 | 0.00000 | 0.00000 | 0.00001 | 0.00002 | 0.00005 | 0.00012 | 0.00029 | 0.00066 | 0.00146 | 
 0.550 |  0.00000 | 0.00000 | 0.00000 | 0.00000 | 0.00001 | 0.00002 | 0.00005 | 0.00012 | 0.00029 | 0.00066 | 0.00146 | 
 0.600 |  0.00000 | 0.00000 | 0.00000 | 0.00000 | 0.00001 | 0.00002 | 0.00005 | 0.00012 | 0.00029 | 0.00066 | 0.00146 | 
 0.650 |  0.00000 | 0.00000 | 0.00000 | 0.00000 | 0.00001 | 0.00002 | 0.00005 | 0.00012 | 0.00029 | 0.00066 | 0.00146 | 
 0.700 |  0.00000 | 0.00000 | 0.00000 | 0.00000 | 0.00001 | 0.00002 | 0.00005 | 0.00012 | 0.00029 | 0.00066 | 0.00146 | 
 0.750 |  0.00000 | 0.00000 | 0.00000 | 0.00000 | 0.00001 | 0.00002 | 0.00005 | 0.00012 | 0.00029 | 0.00066 | 0.00146 | 
 0.800 |  0.00000 | 0.00000 | 0.00000 | 0.00000 | 0.00001 | 0.00002 | 0.00005 | 0.00012 | 0.00029 | 0.00066 | 0.00146 | 
-----------------------------------------------------------------------------------------------------------------------

 Monday, 24. September 2018 04:08:46 PM