Pareto Frontier. Run number: 0 
[7063.89909668] 
[[0.03125684]] 
[[1520.26542475]] 
36719.71934760276 
[ 2.05190451e+00  3.48874869e-02  1.00000000e-05 -2.65424747e-03
  2.53608426e+00  2.04867534e-01  1.95132466e-01  3.56454216e-02
  1.25684319e-03  1.13304103e-02  7.25215900e-01 -2.12440313e-03] 
[0.6764978  0.09190187 0.13637373 0.26831809 0.11048516 1.        ] 

 
Pareto Frontier. Run number: 1 
[7068.8157904] 
[[0.03283738]] 
[[1520.03500477]] 
36702.400686902736 
[2.04698782e+00 3.38922168e-02 1.00000000e-05 3.50047651e-04
 2.55340292e+00 3.92737180e-01 7.26281996e-03 3.10356040e-02
 2.83737952e-03 6.51903184e-03 8.69032104e-01 3.01610259e-01] 
[0.67339477 0.09352736 0.14049022 0.27108646 0.11042968 0.75      ] 

 
Pareto Frontier. Run number: 2 
[7069.81072706] 
[[0.03281509]] 
[[1520.01388926]] 
36700.33772966135 
[2.04599288e+00 3.39278848e-02 1.00000000e-05 1.38892579e-04
 2.55546588e+00 3.96970798e-01 3.02920176e-03 3.00585446e-02
 2.81509325e-03 6.12572307e-03 8.70105607e-01 2.98069176e-01] 
[0.67327609 0.09351269 0.14053101 0.27099289 0.11042207 0.5       ] 

 
Pareto Frontier. Run number: 3 
[7069.81585456] 
[[0.03281498]] 
[[1520.01372438]] 
36700.32604901142 
[2.04598775e+00 3.39280751e-02 1.00000000e-05 1.37243761e-04
 2.55547756e+00 3.97002746e-01 2.99725378e-03 3.00535124e-02
 2.81497709e-03 6.12381498e-03 8.70111098e-01 2.98050981e-01] 
[0.67327546 0.09351261 0.14053122 0.27099239 0.11042203 0.25      ] 

 
Pareto Frontier. Run number: 4 
[7069.59688479] 
[[0.03281979]] 
[[1520.01553897]] 
36700.73273613134 
[2.04620672e+00 3.39205295e-02 1.00000000e-05 1.55389652e-04
 2.55507087e+00 3.96579811e-01 3.42018860e-03 3.02690041e-02
 2.81979335e-03 6.21783542e-03 8.69875019e-01 2.98827100e-01] 
[0.67330089 0.09351567 0.14052233 0.27101218 0.11042365 0.        ] 

 
Total run time: 4573.31600022