Output file with compressibility drag breakdown

  VEHICLE TAG : cruise

  REFERENCE AREA ................  61.0 m2 
  MAIN WING SWEEP ...............   3.0 deg
  MAIN WING THICKNESS RATIO .....  0.16    
 
 TOTAL COMPRESSIBILITY DRAG 
  CL   |  M=0.450 | M=0.500 | M=0.550 | M=0.600 | M=0.650 | M=0.700 | M=0.750 | M=0.800 | M=0.850 | M=0.900 | M=0.950 | 
 0.300 |  0.00000 | 0.00002 | 0.00008 | 0.00029 | 0.00094 | 0.00279 | 0.00766 | 0.01970 | 0.04785 | 0.11049 | 0.24384 | 
 0.350 |  0.00001 | 0.00002 | 0.00010 | 0.00034 | 0.00111 | 0.00329 | 0.00903 | 0.02323 | 0.05644 | 0.13032 | 0.28760 | 
 0.400 |  0.00001 | 0.00003 | 0.00011 | 0.00040 | 0.00131 | 0.00387 | 0.01062 | 0.02731 | 0.06636 | 0.15322 | 0.33814 | 
 0.450 |  0.00001 | 0.00003 | 0.00013 | 0.00047 | 0.00153 | 0.00453 | 0.01243 | 0.03198 | 0.07769 | 0.17938 | 0.39589 | 
 0.500 |  0.00001 | 0.00004 | 0.00015 | 0.00055 | 0.00178 | 0.00527 | 0.01448 | 0.03725 | 0.09049 | 0.20894 | 0.46112 | 
 0.550 |  0.00001 | 0.00004 | 0.00018 | 0.00064 | 0.00206 | 0.00611 | 0.01676 | 0.04313 | 0.10477 | 0.24193 | 0.53392 | 
 0.600 |  0.00001 | 0.00005 | 0.00021 | 0.00074 | 0.00237 | 0.00702 | 0.01928 | 0.04961 | 0.12052 | 0.27829 | 0.61415 | 
 0.650 |  0.00001 | 0.00006 | 0.00023 | 0.00084 | 0.00271 | 0.00802 | 0.02202 | 0.05665 | 0.13763 | 0.31780 | 0.70137 | 
 0.700 |  0.00001 | 0.00007 | 0.00027 | 0.00095 | 0.00307 | 0.00909 | 0.02496 | 0.06420 | 0.15597 | 0.36014 | 0.79480 | 
 0.750 |  0.00002 | 0.00007 | 0.00030 | 0.00107 | 0.00345 | 0.01021 | 0.02805 | 0.07216 | 0.17530 | 0.40478 | 0.89332 | 
 0.800 |  0.00002 | 0.00008 | 0.00033 | 0.00119 | 0.00385 | 0.01138 | 0.03126 | 0.08041 | 0.19534 | 0.45107 | 0.99547 | 
-----------------------------------------------------------------------------------------------------------------------
 HORIZONTAL_STABILIZER  ( t/c: 0.120 )
  CL   |  M=0.450 | M=0.500 | M=0.550 | M=0.600 | M=0.650 | M=0.700 | M=0.750 | M=0.800 | M=0.850 | M=0.900 | M=0.950 | 
 0.300 |  0.00000 | 0.00000 | 0.00001 | 0.00003 | 0.00011 | 0.00031 | 0.00086 | 0.00222 | 0.00540 | 0.01247 | 0.02751 | 
 0.350 |  0.00000 | 0.00000 | 0.00001 | 0.00003 | 0.00011 | 0.00031 | 0.00086 | 0.00222 | 0.00540 | 0.01247 | 0.02751 | 
 0.400 |  0.00000 | 0.00000 | 0.00001 | 0.00003 | 0.00011 | 0.00031 | 0.00086 | 0.00222 | 0.00540 | 0.01247 | 0.02751 | 
 0.450 |  0.00000 | 0.00000 | 0.00001 | 0.00003 | 0.00011 | 0.00031 | 0.00086 | 0.00222 | 0.00540 | 0.01247 | 0.02751 | 
 0.500 |  0.00000 | 0.00000 | 0.00001 | 0.00003 | 0.00011 | 0.00031 | 0.00086 | 0.00222 | 0.00540 | 0.01247 | 0.02751 | 
 0.550 |  0.00000 | 0.00000 | 0.00001 | 0.00003 | 0.00011 | 0.00031 | 0.00086 | 0.00222 | 0.00540 | 0.01247 | 0.02751 | 
 0.600 |  0.00000 | 0.00000 | 0.00001 | 0.00003 | 0.00011 | 0.00031 | 0.00086 | 0.00222 | 0.00540 | 0.01247 | 0.02751 | 
 0.650 |  0.00000 | 0.00000 | 0.00001 | 0.00003 | 0.00011 | 0.00031 | 0.00086 | 0.00222 | 0.00540 | 0.01247 | 0.02751 | 
 0.700 |  0.00000 | 0.00000 | 0.00001 | 0.00003 | 0.00011 | 0.00031 | 0.00086 | 0.00222 | 0.00540 | 0.01247 | 0.02751 | 
 0.750 |  0.00000 | 0.00000 | 0.00001 | 0.00003 | 0.00011 | 0.00031 | 0.00086 | 0.00222 | 0.00540 | 0.01247 | 0.02751 | 
 0.800 |  0.00000 | 0.00000 | 0.00001 | 0.00003 | 0.00011 | 0.00031 | 0.00086 | 0.00222 | 0.00540 | 0.01247 | 0.02751 | 
-----------------------------------------------------------------------------------------------------------------------
 MAIN_WING  ( t/c: 0.158 )
  CL   |  M=0.450 | M=0.500 | M=0.550 | M=0.600 | M=0.650 | M=0.700 | M=0.750 | M=0.800 | M=0.850 | M=0.900 | M=0.950 | 
 0.300 |  0.00000 | 0.00002 | 0.00007 | 0.00025 | 0.00082 | 0.00244 | 0.00669 | 0.01721 | 0.04180 | 0.09651 | 0.21299 | 
 0.350 |  0.00000 | 0.00002 | 0.00009 | 0.00031 | 0.00099 | 0.00294 | 0.00806 | 0.02074 | 0.05039 | 0.11634 | 0.25676 | 
 0.400 |  0.00001 | 0.00003 | 0.00010 | 0.00037 | 0.00119 | 0.00351 | 0.00965 | 0.02482 | 0.06030 | 0.13925 | 0.30730 | 
 0.450 |  0.00001 | 0.00003 | 0.00012 | 0.00044 | 0.00141 | 0.00417 | 0.01146 | 0.02949 | 0.07163 | 0.16541 | 0.36505 | 
 0.500 |  0.00001 | 0.00004 | 0.00014 | 0.00052 | 0.00166 | 0.00492 | 0.01351 | 0.03476 | 0.08443 | 0.19497 | 0.43028 | 
 0.550 |  0.00001 | 0.00004 | 0.00017 | 0.00060 | 0.00194 | 0.00575 | 0.01580 | 0.04064 | 0.09872 | 0.22796 | 0.50308 | 
 0.600 |  0.00001 | 0.00005 | 0.00020 | 0.00070 | 0.00225 | 0.00667 | 0.01832 | 0.04712 | 0.11446 | 0.26431 | 0.58331 | 
 0.650 |  0.00001 | 0.00006 | 0.00022 | 0.00080 | 0.00259 | 0.00767 | 0.02105 | 0.05416 | 0.13158 | 0.30383 | 0.67053 | 
 0.700 |  0.00001 | 0.00006 | 0.00026 | 0.00091 | 0.00295 | 0.00874 | 0.02399 | 0.06171 | 0.14991 | 0.34616 | 0.76396 | 
 0.750 |  0.00002 | 0.00007 | 0.00029 | 0.00103 | 0.00333 | 0.00986 | 0.02708 | 0.06967 | 0.16925 | 0.39081 | 0.86248 | 
 0.800 |  0.00002 | 0.00008 | 0.00032 | 0.00115 | 0.00373 | 0.01103 | 0.03029 | 0.07792 | 0.18929 | 0.43709 | 0.96462 | 
-----------------------------------------------------------------------------------------------------------------------
 VERTICAL_STABILIZER  ( t/c: 0.120 )
  CL   |  M=0.450 | M=0.500 | M=0.550 | M=0.600 | M=0.650 | M=0.700 | M=0.750 | M=0.800 | M=0.850 | M=0.900 | M=0.950 | 
 0.300 |  0.00000 | 0.00000 | 0.00000 | 0.00000 | 0.00001 | 0.00004 | 0.00010 | 0.00027 | 0.00065 | 0.00151 | 0.00333 | 
 0.350 |  0.00000 | 0.00000 | 0.00000 | 0.00000 | 0.00001 | 0.00004 | 0.00010 | 0.00027 | 0.00065 | 0.00151 | 0.00333 | 
 0.400 |  0.00000 | 0.00000 | 0.00000 | 0.00000 | 0.00001 | 0.00004 | 0.00010 | 0.00027 | 0.00065 | 0.00151 | 0.00333 | 
 0.450 |  0.00000 | 0.00000 | 0.00000 | 0.00000 | 0.00001 | 0.00004 | 0.00010 | 0.00027 | 0.00065 | 0.00151 | 0.00333 | 
 0.500 |  0.00000 | 0.00000 | 0.00000 | 0.00000 | 0.00001 | 0.00004 | 0.00010 | 0.00027 | 0.00065 | 0.00151 | 0.00333 | 
 0.550 |  0.00000 | 0.00000 | 0.00000 | 0.00000 | 0.00001 | 0.00004 | 0.00010 | 0.00027 | 0.00065 | 0.00151 | 0.00333 | 
 0.600 |  0.00000 | 0.00000 | 0.00000 | 0.00000 | 0.00001 | 0.00004 | 0.00010 | 0.00027 | 0.00065 | 0.00151 | 0.00333 | 
 0.650 |  0.00000 | 0.00000 | 0.00000 | 0.00000 | 0.00001 | 0.00004 | 0.00010 | 0.00027 | 0.00065 | 0.00151 | 0.00333 | 
 0.700 |  0.00000 | 0.00000 | 0.00000 | 0.00000 | 0.00001 | 0.00004 | 0.00010 | 0.00027 | 0.00065 | 0.00151 | 0.00333 | 
 0.750 |  0.00000 | 0.00000 | 0.00000 | 0.00000 | 0.00001 | 0.00004 | 0.00010 | 0.00027 | 0.00065 | 0.00151 | 0.00333 | 
 0.800 |  0.00000 | 0.00000 | 0.00000 | 0.00000 | 0.00001 | 0.00004 | 0.00010 | 0.00027 | 0.00065 | 0.00151 | 0.00333 | 
-----------------------------------------------------------------------------------------------------------------------

 Wednesday, 26. September 2018 01:55:03 AM