Output file with compressibility drag breakdown

  VEHICLE TAG : cruise

  REFERENCE AREA ................  76.1 m2 
  MAIN WING SWEEP ...............  30.0 deg
  MAIN WING THICKNESS RATIO .....  0.12    
 
 TOTAL COMPRESSIBILITY DRAG 
  CL   |  M=0.450 | M=0.500 | M=0.550 | M=0.600 | M=0.650 | M=0.700 | M=0.750 | M=0.800 | M=0.850 | M=0.900 | M=0.950 | 
 0.300 |  0.00000 | 0.00000 | 0.00001 | 0.00002 | 0.00008 | 0.00023 | 0.00062 | 0.00159 | 0.00386 | 0.00892 | 0.01968 | 
 0.350 |  0.00000 | 0.00000 | 0.00001 | 0.00003 | 0.00009 | 0.00027 | 0.00075 | 0.00193 | 0.00468 | 0.01081 | 0.02385 | 
 0.400 |  0.00000 | 0.00000 | 0.00001 | 0.00003 | 0.00011 | 0.00033 | 0.00090 | 0.00233 | 0.00565 | 0.01305 | 0.02881 | 
 0.450 |  0.00000 | 0.00000 | 0.00001 | 0.00004 | 0.00013 | 0.00040 | 0.00109 | 0.00279 | 0.00679 | 0.01567 | 0.03458 | 
 0.500 |  0.00000 | 0.00000 | 0.00001 | 0.00005 | 0.00016 | 0.00047 | 0.00129 | 0.00333 | 0.00808 | 0.01866 | 0.04117 | 
 0.550 |  0.00000 | 0.00000 | 0.00002 | 0.00006 | 0.00019 | 0.00055 | 0.00152 | 0.00392 | 0.00952 | 0.02198 | 0.04851 | 
 0.600 |  0.00000 | 0.00000 | 0.00002 | 0.00007 | 0.00022 | 0.00065 | 0.00177 | 0.00456 | 0.01108 | 0.02559 | 0.05648 | 
 0.650 |  0.00000 | 0.00001 | 0.00002 | 0.00008 | 0.00025 | 0.00074 | 0.00204 | 0.00524 | 0.01273 | 0.02940 | 0.06489 | 
 0.700 |  0.00000 | 0.00001 | 0.00002 | 0.00009 | 0.00028 | 0.00084 | 0.00231 | 0.00594 | 0.01442 | 0.03330 | 0.07348 | 
 0.750 |  0.00000 | 0.00001 | 0.00003 | 0.00010 | 0.00032 | 0.00094 | 0.00257 | 0.00662 | 0.01608 | 0.03713 | 0.08194 | 
 0.800 |  0.00000 | 0.00001 | 0.00003 | 0.00011 | 0.00035 | 0.00103 | 0.00282 | 0.00726 | 0.01764 | 0.04074 | 0.08990 | 
-----------------------------------------------------------------------------------------------------------------------
 HORIZONTAL_STABILIZER  ( t/c: 0.110 )
  CL   |  M=0.450 | M=0.500 | M=0.550 | M=0.600 | M=0.650 | M=0.700 | M=0.750 | M=0.800 | M=0.850 | M=0.900 | M=0.950 | 
 0.300 |  0.00000 | 0.00000 | 0.00000 | 0.00000 | 0.00001 | 0.00003 | 0.00008 | 0.00021 | 0.00052 | 0.00120 | 0.00264 | 
 0.350 |  0.00000 | 0.00000 | 0.00000 | 0.00000 | 0.00001 | 0.00003 | 0.00008 | 0.00021 | 0.00052 | 0.00120 | 0.00264 | 
 0.400 |  0.00000 | 0.00000 | 0.00000 | 0.00000 | 0.00001 | 0.00003 | 0.00008 | 0.00021 | 0.00052 | 0.00120 | 0.00264 | 
 0.450 |  0.00000 | 0.00000 | 0.00000 | 0.00000 | 0.00001 | 0.00003 | 0.00008 | 0.00021 | 0.00052 | 0.00120 | 0.00264 | 
 0.500 |  0.00000 | 0.00000 | 0.00000 | 0.00000 | 0.00001 | 0.00003 | 0.00008 | 0.00021 | 0.00052 | 0.00120 | 0.00264 | 
 0.550 |  0.00000 | 0.00000 | 0.00000 | 0.00000 | 0.00001 | 0.00003 | 0.00008 | 0.00021 | 0.00052 | 0.00120 | 0.00264 | 
 0.600 |  0.00000 | 0.00000 | 0.00000 | 0.00000 | 0.00001 | 0.00003 | 0.00008 | 0.00021 | 0.00052 | 0.00120 | 0.00264 | 
 0.650 |  0.00000 | 0.00000 | 0.00000 | 0.00000 | 0.00001 | 0.00003 | 0.00008 | 0.00021 | 0.00052 | 0.00120 | 0.00264 | 
 0.700 |  0.00000 | 0.00000 | 0.00000 | 0.00000 | 0.00001 | 0.00003 | 0.00008 | 0.00021 | 0.00052 | 0.00120 | 0.00264 | 
 0.750 |  0.00000 | 0.00000 | 0.00000 | 0.00000 | 0.00001 | 0.00003 | 0.00008 | 0.00021 | 0.00052 | 0.00120 | 0.00264 | 
 0.800 |  0.00000 | 0.00000 | 0.00000 | 0.00000 | 0.00001 | 0.00003 | 0.00008 | 0.00021 | 0.00052 | 0.00120 | 0.00264 | 
-----------------------------------------------------------------------------------------------------------------------
 MAIN_WING  ( t/c: 0.115 )
  CL   |  M=0.450 | M=0.500 | M=0.550 | M=0.600 | M=0.650 | M=0.700 | M=0.750 | M=0.800 | M=0.850 | M=0.900 | M=0.950 | 
 0.300 |  0.00000 | 0.00000 | 0.00001 | 0.00002 | 0.00006 | 0.00018 | 0.00049 | 0.00126 | 0.00306 | 0.00706 | 0.01558 | 
 0.350 |  0.00000 | 0.00000 | 0.00001 | 0.00002 | 0.00008 | 0.00023 | 0.00062 | 0.00160 | 0.00388 | 0.00895 | 0.01975 | 
 0.400 |  0.00000 | 0.00000 | 0.00001 | 0.00003 | 0.00010 | 0.00028 | 0.00078 | 0.00200 | 0.00485 | 0.01119 | 0.02470 | 
 0.450 |  0.00000 | 0.00000 | 0.00001 | 0.00004 | 0.00012 | 0.00035 | 0.00096 | 0.00246 | 0.00598 | 0.01381 | 0.03048 | 
 0.500 |  0.00000 | 0.00000 | 0.00001 | 0.00004 | 0.00014 | 0.00042 | 0.00116 | 0.00299 | 0.00727 | 0.01680 | 0.03707 | 
 0.550 |  0.00000 | 0.00000 | 0.00001 | 0.00005 | 0.00017 | 0.00051 | 0.00139 | 0.00359 | 0.00871 | 0.02012 | 0.04441 | 
 0.600 |  0.00000 | 0.00000 | 0.00002 | 0.00006 | 0.00020 | 0.00060 | 0.00164 | 0.00423 | 0.01028 | 0.02373 | 0.05238 | 
 0.650 |  0.00000 | 0.00001 | 0.00002 | 0.00007 | 0.00023 | 0.00070 | 0.00191 | 0.00491 | 0.01193 | 0.02754 | 0.06079 | 
 0.700 |  0.00000 | 0.00001 | 0.00002 | 0.00008 | 0.00027 | 0.00079 | 0.00218 | 0.00560 | 0.01361 | 0.03144 | 0.06938 | 
 0.750 |  0.00000 | 0.00001 | 0.00003 | 0.00009 | 0.00030 | 0.00089 | 0.00244 | 0.00629 | 0.01527 | 0.03527 | 0.07784 | 
 0.800 |  0.00000 | 0.00001 | 0.00003 | 0.00010 | 0.00033 | 0.00098 | 0.00269 | 0.00693 | 0.01684 | 0.03888 | 0.08580 | 
-----------------------------------------------------------------------------------------------------------------------
 VERTICAL_STABILIZER  ( t/c: 0.120 )
  CL   |  M=0.450 | M=0.500 | M=0.550 | M=0.600 | M=0.650 | M=0.700 | M=0.750 | M=0.800 | M=0.850 | M=0.900 | M=0.950 | 
 0.300 |  0.00000 | 0.00000 | 0.00000 | 0.00000 | 0.00001 | 0.00002 | 0.00005 | 0.00012 | 0.00029 | 0.00066 | 0.00146 | 
 0.350 |  0.00000 | 0.00000 | 0.00000 | 0.00000 | 0.00001 | 0.00002 | 0.00005 | 0.00012 | 0.00029 | 0.00066 | 0.00146 | 
 0.400 |  0.00000 | 0.00000 | 0.00000 | 0.00000 | 0.00001 | 0.00002 | 0.00005 | 0.00012 | 0.00029 | 0.00066 | 0.00146 | 
 0.450 |  0.00000 | 0.00000 | 0.00000 | 0.00000 | 0.00001 | 0.00002 | 0.00005 | 0.00012 | 0.00029 | 0.00066 | 0.00146 | 
 0.500 |  0.00000 | 0.00000 | 0.00000 | 0.00000 | 0.00001 | 0.00002 | 0.00005 | 0.00012 | 0.00029 | 0.00066 | 0.00146 | 
 0.550 |  0.00000 | 0.00000 | 0.00000 | 0.00000 | 0.00001 | 0.00002 | 0.00005 | 0.00012 | 0.00029 | 0.00066 | 0.00146 | 
 0.600 |  0.00000 | 0.00000 | 0.00000 | 0.00000 | 0.00001 | 0.00002 | 0.00005 | 0.00012 | 0.00029 | 0.00066 | 0.00146 | 
 0.650 |  0.00000 | 0.00000 | 0.00000 | 0.00000 | 0.00001 | 0.00002 | 0.00005 | 0.00012 | 0.00029 | 0.00066 | 0.00146 | 
 0.700 |  0.00000 | 0.00000 | 0.00000 | 0.00000 | 0.00001 | 0.00002 | 0.00005 | 0.00012 | 0.00029 | 0.00066 | 0.00146 | 
 0.750 |  0.00000 | 0.00000 | 0.00000 | 0.00000 | 0.00001 | 0.00002 | 0.00005 | 0.00012 | 0.00029 | 0.00066 | 0.00146 | 
 0.800 |  0.00000 | 0.00000 | 0.00000 | 0.00000 | 0.00001 | 0.00002 | 0.00005 | 0.00012 | 0.00029 | 0.00066 | 0.00146 | 
-----------------------------------------------------------------------------------------------------------------------

 Wednesday, 26. September 2018 10:03:15 PM