 Pareto results 
Pareto Frontier. Run number: 0 
[6756.440816] 
[[0.04328017]] 
[[1520.02494671]] 
37793.1667333 
[-8.79981334e-05 -1.11044547e-04  1.60326962e-02  1.00000000e-05
 -2.49467150e-04  1.98870777e-02  1.12922277e-04  2.23876386e-01
  1.32801687e-02  2.28171726e-01  4.61742329e+00  2.43329771e+00] 
[1.01420944 1.         0.8849662  1.         0.9895278  1.01594534
 0.91247386] 

 
Pareto Frontier. Run number: 1 
[6756.71617929] 
[[0.04327166]] 
[[1519.98538064]] 
37792.5851995 
[-8.81016246e-05 -1.11197074e-04  1.60464745e-02  1.00000000e-05
  1.46193599e-04  1.98866501e-02  1.13349922e-04  2.23732897e-01
  1.32716594e-02  2.28310415e-01  4.61446540e+00  2.43604982e+00] 
[1.01419031 0.99989927 0.88492016 0.99974373 0.9895185  1.01592971
 0.91246271] 

 
Pareto Frontier. Run number: 2 
[6756.99126103] 
[[0.04326316]] 
[[1519.94587354]] 
37792.0031969 
[-8.82055838e-05 -1.11350012e-04  1.60602420e-02  1.00000000e-05
  5.41264610e-04  1.98863430e-02  1.13657013e-04  2.23589578e-01
  1.32631601e-02  2.28448527e-01  4.61151077e+00  2.43879911e+00] 
[1.01417102 0.99979878 0.88487449 0.99948777 0.98950921 1.01591406
 0.91245156] 

 
Pareto Frontier. Run number: 3 
[6757.26606996] 
[[0.04325467]] 
[[1519.90642206]] 
37791.4207416 
[-8.83084591e-05 -1.11501746e-04  1.60739983e-02  1.00000000e-05
  9.35779354e-04  1.98858514e-02  1.14148562e-04  2.23446428e-01
  1.32546710e-02  2.28586087e-01  4.60856000e+00  2.44154568e+00] 
[1.01415155 0.99969854 0.88482919 0.99923211 0.98949993 1.01589841
 0.91244042] 

 
Pareto Frontier. Run number: 4 
[6757.54059578] 
[[0.04324619]] 
[[1519.8670302]] 
37790.8378168 
[-8.84120082e-05 -1.11654136e-04  1.60877439e-02  1.00000000e-05
  1.32969797e-03  1.98855588e-02  1.14441248e-04  2.23303446e-01
  1.32461918e-02  2.28723065e-01  4.60561232e+00  2.44428942e+00] 
[1.01413191 0.99959855 0.88478424 0.99897675 0.98949066 1.01588274
 0.91242929] 

 
Total run time: 1727.33799982