 Pareto results 
Pareto Frontier. Run number: 0 
[6829.69125944] 
[[0.04138144]] 
[[1520.0059224]] 
37864.10900641432 
[2.30308741e-01 1.75616052e-02 1.00000000e-05 5.92240439e-05
 1.53989099e+00 4.01085378e-01 1.08537847e-03 1.73755147e-01
 1.13814407e-02 2.41654230e-01 5.60662241e-01 5.47000000e-01] 
[0.75046649 0.098      0.11857204 0.28859476 0.11143591 1.        ] 

 
Pareto Frontier. Run number: 1 
[6830.92136778] 
[[0.04144186]] 
[[1519.86942268]] 
37877.175222694685 
[2.29078632e-01 1.74162169e-02 1.00000000e-05 1.30577324e-03
 1.52682478e+00 3.05930164e-01 9.40698356e-02 1.72306752e-01
 1.14418555e-02 2.46306106e-01 5.51914531e-01 5.47000000e-01] 
[0.75177804 0.098      0.11815823 0.28779716 0.11143549 0.75      ] 

 
Pareto Frontier. Run number: 2 
[6830.90725566] 
[[0.04144184]] 
[[1519.8693308]] 
37877.17016412086 
[2.29092744e-01 1.74162446e-02 1.00000000e-05 1.30669200e-03
 1.52682984e+00 3.10135470e-01 8.98645305e-02 1.72306667e-01
 1.14418449e-02 2.46305440e-01 5.51912642e-01 5.47000000e-01] 
[0.75177769 0.098      0.11815829 0.28779698 0.11143507 0.5       ] 

 
Pareto Frontier. Run number: 3 
[6830.89351685] 
[[0.04144183]] 
[[1519.86914299]] 
37877.161874578815 
[2.29106483e-01 1.74163018e-02 1.00000000e-05 1.30857011e-03
 1.52683813e+00 3.14364019e-01 8.56359806e-02 1.72306463e-01
 1.14418271e-02 2.46304605e-01 5.51909626e-01 5.47000000e-01] 
[0.75177713 0.098      0.11815838 0.28779664 0.11143465 0.25      ] 

 
Pareto Frontier. Run number: 4 
[6830.87954885] 
[[0.04144181]] 
[[1519.86897736]] 
37877.154566121346 
[2.29120451e-01 1.74163498e-02 1.00000000e-05 1.31022641e-03
 1.52684543e+00 3.18623632e-01 8.13763683e-02 1.72306283e-01
 1.14418114e-02 2.46303869e-01 5.51906966e-01 5.47000000e-01] 
[0.75177664 0.098      0.11815847 0.28779635 0.11143422 0.        ] 

 
Total run time: 1509.43400002