Generated by GetData Graph Digitizer 2.24 on August 14 2018, 20:15
from file 'C:\Users\geova\OneDrive\TCC\5_SUAVE\1_code\Data\LFL_FLAP5.bmp'

Line #1
 2.00568097818069e+004    9.58017723649303e+002
 2.03151665244611e+004    9.65675165144310e+002
 2.06361542083900e+004    9.75061663907009e+002
 2.14268768529827e+004    9.97786737070887e+002
 2.20062193454973e+004    1.01458358073293e+003
 2.24759562402296e+004    1.02816925172977e+003
 2.31805625493623e+004    1.04867130652286e+003
 2.34937230579418e+004    1.05805788264830e+003
 2.40104346091816e+004    1.07312566904266e+003
 2.48951143030634e+004    1.09980335938420e+003
 2.59911683468178e+004    1.13166798944060e+003
 2.65548545545651e+004    1.14821789123247e+003
 2.70089312963930e+004    1.16106242716781e+003
 2.80110398952694e+004    1.19045701962051e+003
 2.83163732284996e+004    1.19984367310869e+003
 2.90053271210021e+004    1.22059297922292e+003
 2.96238190287433e+004    1.23911911224088e+003
 3.02971166364784e+004    1.25962147648494e+003
 3.10017248796797e+004    1.28037062787369e+003
 3.20038470170358e+004    1.31149489649600e+003
 3.28493889001022e+004    1.33792587705560e+003
 3.30216254391593e+004    1.34286610698849e+003
 3.33269626405265e+004    1.35274695366800e+003
 3.36401231491061e+004    1.36213352979344e+003
 3.39767729200079e+004    1.37250826021329e+003

Line 2 6000
 2.00576704423037e+004    1.06797570871814e+003
 2.03864949719247e+004    1.07859761309640e+003
 2.10284877463994e+004    1.09959447998274e+003
 2.19131964513092e+004    1.12997861925919e+003
 2.24847369113653e+004    1.14998779602756e+003
 2.30014774736330e+004    1.16876203135682e+003
 2.35730159996206e+004    1.18852411152953e+003
 2.43402899973302e+004    1.21545005890786e+003
 2.50292729008607e+004    1.23990581395700e+003
 2.60001114797102e+004    1.27424264777386e+003
 2.64933608455871e+004    1.29178163221304e+003
 2.74015665490934e+004    1.32414231216655e+003
 2.80122544903076e+004    1.34563368169518e+003
 2.90222444184523e+004    1.38194690146362e+003
 2.94920180604867e+004    1.40022740777800e+003
 2.99304675285753e+004    1.41653145077807e+003
 3.03845887539794e+004    1.43505920841360e+003
 3.10031386837766e+004    1.46099823930137e+003
 3.15668848476484e+004    1.48520813555871e+003
 3.18957403223659e+004    1.49978358546753e+003
 3.23185605826467e+004    1.51930003893667e+003
 3.27413827769959e+004    1.53906358900146e+003
 3.30702440539190e+004    1.55438032869727e+003
 3.35478854867420e+004    1.57784978615778e+003
 3.36809977534634e+004    1.58427298247834e+003
 3.38454303259934e+004    1.59217844892191e+003
 3.40020279869000e+004    1.59909560634557e+003

Line 3 8000
 2.00266789281454e+004    1.10849985985739e+003
 2.02380726187033e+004    1.11615776552885e+003
 2.07000113491141e+004    1.13344996282333e+003
 2.11932607149911e+004    1.15098894726252e+003
 2.19605385808378e+004    1.17840908783216e+003
 2.21406197018610e+004    1.18557310976326e+003
 2.29940274416474e+004    1.21694594487332e+003
 2.30879786887309e+004    1.22015727226401e+003
 2.38865826625919e+004    1.24980097274364e+003
 2.40196794567650e+004    1.25424739629892e+003
 2.44737890777580e+004    1.27129257436049e+003
 2.49435569175868e+004    1.28883179088789e+003
 2.54916216538003e+004    1.30958248953147e+003
 2.58047995689967e+004    1.32119293501785e+003
 2.58674343784086e+004    1.32341618547686e+003
 2.62432529052224e+004    1.33799117120924e+003
 2.67521701602778e+004    1.35725967709256e+003
 2.72141127588258e+004    1.37504606757837e+003
 2.76603952044693e+004    1.39209132300267e+003
 2.79970662501250e+004    1.40518411597480e+003
 2.83102538356641e+004    1.41803004443948e+003
 2.85060009117973e+004    1.42667649121906e+003
 2.87878759278017e+004    1.43902853594339e+003
 2.92889872822616e+004    1.46101518174171e+003
 2.96335067780205e+004    1.47682595990336e+003
 3.00641484114451e+004    1.49560104622277e+003
 3.04869783420685e+004    1.51635298267020e+003
 3.07610377871347e+004    1.53018768433124e+003
 3.13326420714524e+004    1.55835104875640e+003
 3.14579252287558e+004    1.56452722584405e+003
 3.15597191237370e+004    1.56971524863727e+003
 3.21313272761917e+004    1.59837280625376e+003
 3.28203875424634e+004    1.63271242512931e+003
 3.34859643486185e+004    1.66680517949742e+003
 3.36895540726493e+004    1.67742832167954e+003
 3.39714445612020e+004    1.69175713916915e+003
