Generated by GetData Graph Digitizer 2.24 on August 14 2018, 21:25
from file 'C:\Users\geova\OneDrive\TCC\5_SUAVE\1_code\Data\LFL_FLAPFULL.bmp'

Line #1
 2.00061519532452e+004    9.36368271146411e+002
 2.10058443555829e+004    9.37132855577018e+002
 2.15518302060904e+004    9.53486436923602e+002
 2.30129191018148e+004    9.96257675242473e+002
 2.40741310366041e+004    1.02745547415530e+003
 2.49969240233774e+004    1.05487924470848e+003
 2.67348508151338e+004    1.10318646731202e+003
 2.80575207628422e+004    1.14142915010828e+003
 2.96954783143648e+004    1.18898083982208e+003
 3.06721008920332e+004    1.21741118813775e+003
 3.22408489695478e+004    1.26219558198159e+003
 3.39787757613042e+004    1.30949676836782e+003

Line 2 6000
 1.99984620116887e+004    1.05206235877275e+003
 2.10058443555829e+004    1.05483909300157e+003
 2.19978468163642e+004    1.08880279523960e+003
 2.42356198092894e+004    1.16528406056146e+003
 2.71424177176253e+004    1.26390485329696e+003
 2.90110735158413e+004    1.32604638906958e+003
 3.10104583205168e+004    1.39472847543582e+003
 3.20101507228545e+004    1.42944678220043e+003
 3.29944632420794e+004    1.46391342518352e+003
 3.32097816056598e+004    1.47171237204835e+003
 3.33020609043371e+004    1.47473140906342e+003
 3.39864657028607e+004    1.49838014553021e+003

Line 3 8000
 1.99907720701323e+004    1.09607636591620e+003
 2.10135342971393e+004    1.09985929108951e+003
 2.13980313749616e+004    1.11369615725729e+003
 2.22516148877269e+004    1.14438884924434e+003
 2.50123039064903e+004    1.24426571734312e+003
 2.81421101199631e+004    1.35621873350221e+003
 2.96800984312519e+004    1.41131468911903e+003
 3.17179329437096e+004    1.48703941582438e+003
 3.30021531836358e+004    1.53509056492136e+003
 3.33020609043371e+004    1.54666299860065e+003
 3.39557059366349e+004    1.57207198899333e+003
